     0/299    0.816G    0.1048    0.0256         0    0.1304         3       640  0.001615   0.03704 0.0004021 4.856e-05   0.09917   0.02349         0
     1/299    0.875G    0.1135   0.02561         0    0.1392         2       640   0.00116    0.1852 0.0002877 3.847e-05   0.09739   0.02298         0
     2/299    0.875G   0.09183   0.02309         0    0.1149         0       640  0.004253   0.03704 0.0006438 0.0001007   0.09453   0.02256         0
     3/299    0.875G    0.1007    0.0234         0    0.1241         3       640   0.00264    0.1481 0.0009583 0.0001746   0.09192   0.02236         0
     4/299    0.875G   0.07441    0.0231         0   0.09751         0       640  0.005633    0.1852  0.001718 0.0003052   0.08989   0.02197         0
     5/299    0.875G     0.111   0.02347         0    0.1344         1       640  0.007717   0.07407  0.002447 0.0004613   0.08819   0.02146         0
     6/299    0.875G    0.0836   0.02091         0    0.1045         1       640   0.01109    0.2593  0.004765 0.0007928   0.08589   0.02098         0
     7/299    0.875G   0.08704   0.02221         0    0.1092         2       640   0.00972    0.2593  0.004973 0.0009914   0.08434   0.02058         0
     8/299    0.875G   0.07739   0.02279         0    0.1002         1       640   0.01158    0.2593  0.005951 0.0009586   0.08185   0.02025         0
     9/299    0.875G   0.07865    0.0224         0     0.101         3       640   0.01474    0.1852  0.008094  0.001218     0.079   0.02021         0
    10/299    0.875G   0.08591   0.02123         0    0.1071         3       640   0.01871    0.2222   0.01259  0.002072   0.07551   0.02018         0
    11/299    0.875G   0.07567   0.02314         0   0.09881         2       640   0.02971    0.2427   0.01798   0.00334   0.07118   0.02012         0
    12/299    0.875G    0.0714   0.02184         0   0.09324         2       640   0.03373    0.2963   0.02115  0.004168   0.06824   0.01989         0
    13/299    0.875G   0.06523   0.02139         0   0.08663         3       640   0.02972    0.2222   0.02063  0.003468   0.06693   0.01957         0
    14/299    0.877G   0.07785   0.02357         0    0.1014         4       640   0.06386    0.1694   0.03386  0.006659   0.06591   0.01939         0
    15/299    0.877G   0.06247   0.02008         0   0.08255         3       640    0.1053    0.2222   0.04923  0.009322   0.06492   0.01924         0
    16/299    0.877G   0.06965   0.02423         0   0.09388         1       640   0.08688    0.2593   0.05267   0.01403   0.06338   0.01913         0
    17/299    0.877G   0.07226   0.02498         0   0.09725         3       640    0.1151    0.2963   0.05332   0.01396   0.06258    0.0189         0
    18/299    0.877G   0.05683   0.02093         0   0.07776         0       640    0.2023    0.3333    0.1011    0.0233   0.06101    0.0188         0
    19/299    0.877G   0.05599   0.01996         0   0.07595         2       640    0.2405    0.3333    0.1153   0.03016   0.06079    0.0186         0
    20/299    0.877G    0.0605   0.02053         0   0.08103         1       640    0.2798    0.2593    0.1539    0.0413   0.05858   0.01844         0
    21/299    0.877G   0.05594   0.01999         0   0.07593         2       640    0.3188    0.2963    0.1804   0.05668   0.05649   0.01817         0
    22/299    0.877G   0.06654   0.02237         0    0.0889         5       640    0.3529    0.2831     0.218   0.08653   0.05495   0.01803         0
    23/299    0.877G   0.06902   0.01948         0    0.0885         3       640     0.297    0.2963    0.2128   0.08226   0.05502   0.01782         0
    24/299    0.877G   0.06142    0.0242         0   0.08562         4       640    0.3402    0.2593    0.2267   0.06668   0.05604   0.01726         0
    25/299    0.877G   0.05725   0.01979         0   0.07704         1       640    0.2744    0.6163    0.3513    0.1377   0.05262   0.01734         0
    26/299    0.877G   0.05911   0.02151         0   0.08062         1       640    0.4703     0.296    0.3259    0.1274   0.05005    0.0174         0
    27/299    0.877G   0.05447   0.02175         0   0.07623         2       640    0.2808    0.4815    0.2769   0.06694   0.05321   0.01667         0
    28/299    0.877G   0.04552    0.0149         0   0.06043         1       640    0.4537    0.4074    0.3295   0.09305    0.0524    0.0163         0
    29/299    0.877G    0.0603   0.01712         0   0.07742         1       640    0.4931    0.4688    0.4141    0.1211   0.05005   0.01656         0
    30/299    0.877G    0.0467   0.01806         0   0.06476         1       640    0.5386    0.4758    0.4408    0.1443   0.05049   0.01619         0
    31/299    0.877G     0.052   0.02002         0   0.07203         1       640    0.3464     0.432    0.3262   0.09249    0.0484   0.01636         0
    32/299    0.877G    0.0525   0.02173         0   0.07423         2       640    0.4408    0.4381    0.4016    0.1121   0.04902   0.01595         0
    33/299    0.877G   0.04291   0.01764         0   0.06054         2       640    0.5352    0.5185    0.4555    0.1547   0.04917   0.01574         0
    34/299    0.877G   0.04351   0.01772         0   0.06123         1       640    0.4992    0.5538    0.4723    0.1163   0.04846   0.01579         0
    35/299    0.877G   0.04783   0.01865         0   0.06648         3       640    0.4662    0.3704    0.3658   0.08348   0.05099   0.01495         0
    36/299    0.877G   0.05246   0.01777         0   0.07023         4       640    0.5153    0.5556    0.4624    0.1593   0.04829   0.01516         0
    37/299    0.877G   0.05418   0.01927         0   0.07345         4       640    0.6264    0.5185    0.4919   0.09146   0.04948   0.01483         0
    38/299    0.877G   0.04371   0.01651         0   0.06022         3       640     0.561    0.5556    0.4764     0.153   0.04879   0.01485         0
    39/299    0.877G   0.05337   0.01524         0   0.06861         1       640     0.561    0.5556    0.4764     0.153   0.04879   0.01485         0
    40/299    0.877G    0.0447   0.01879         0   0.06349         2       640    0.5987    0.5526    0.5369    0.1796   0.05105   0.01439         0
    41/299    0.877G   0.04495   0.01398         0   0.05894         1       640    0.6151    0.4737    0.4898     0.193   0.04872   0.01457         0
    42/299    0.877G   0.05032   0.01527         0   0.06558         1       640    0.7484    0.5511    0.6287    0.2056   0.05014    0.0142         0
    43/299    0.877G   0.04196   0.01545         0   0.05741         3       640     0.424    0.6667    0.4407    0.1088   0.05039   0.01404         0
    44/299    0.877G   0.04198   0.01518         0   0.05716         2       640      0.48    0.6667    0.4949    0.1235   0.04903   0.01412         0
    45/299    0.877G   0.04386    0.0155         0   0.05935         1       640    0.4245    0.6296    0.3773    0.1201    0.0501   0.01423         0
    46/299    0.877G    0.0508    0.0158         0    0.0666         4       640    0.6134    0.4704    0.4677   0.09905   0.05369   0.01351         0
    47/299    0.877G   0.04649   0.01301         0    0.0595         1       640    0.5462    0.5926    0.5762    0.1568   0.05029   0.01374         0
    48/299    0.877G   0.04163   0.01426         0    0.0559         1       640    0.6754     0.617     0.601    0.2035   0.04652    0.0141         0
    49/299    0.877G   0.05094   0.01982         0   0.07076         3       640    0.8542    0.6667    0.7336    0.2927   0.04409   0.01423         0
    50/299    0.877G    0.0482   0.01785         0   0.06605         2       640    0.7585    0.6296    0.6422    0.2055   0.04588    0.0137         0
    51/299    0.877G   0.04398   0.01694         0   0.06092         1       640    0.9362    0.5556    0.6874    0.2066   0.04544    0.0137         0
    52/299    0.877G   0.04954   0.01502         0   0.06456         1       640     0.823    0.5168    0.5735    0.2367   0.04864   0.01303         0
    53/299    0.877G   0.05266   0.01798         0   0.07064         4       640    0.7362    0.5169    0.5701    0.1695   0.04699   0.01343         0
    54/299    0.877G   0.04401   0.01602         0   0.06004         3       640    0.8404    0.5926    0.6731    0.2845   0.04433    0.0137         0
    55/299    0.877G    0.0446   0.01496         0   0.05956         0       640    0.9312    0.5926    0.7132    0.3298   0.04225   0.01386         0
    56/299    0.877G   0.03945   0.01486         0   0.05431         2       640    0.8747     0.517    0.6548     0.274     0.042   0.01405         0
    57/299    0.877G   0.04644   0.01577         0   0.06221         1       640    0.9228     0.443    0.6173      0.27   0.04389   0.01386         0
    58/299    0.877G   0.04714   0.01664         0   0.06378         2       640    0.8446     0.403    0.5449    0.2362   0.04585   0.01371         0
    59/299    0.877G    0.0409   0.01427         0   0.05517         2       640    0.6079    0.5185     0.527     0.228   0.04681   0.01367         0
    60/299    0.877G   0.04056   0.01517         0   0.05574         3       640    0.6634    0.5185    0.5293    0.2275   0.04631   0.01373         0
    61/299    0.877G   0.03961   0.01609         0    0.0557         1       640    0.6087    0.5185    0.5168    0.2129   0.04713   0.01373         0
    62/299    0.877G   0.04095   0.01473         0   0.05568         1       640    0.5826    0.5185    0.5125    0.2001   0.04694   0.01378         0
    63/299    0.877G   0.03741   0.01231         0   0.04972         1       640    0.6202    0.5185    0.5106    0.2131   0.04773   0.01377         0
    64/299    0.877G   0.03887   0.01419         0   0.05306         0       640     0.631    0.4434    0.5066    0.2147   0.04562   0.01412         0
    65/299    0.877G   0.04259   0.01555         0   0.05814         1       640    0.5292    0.6246    0.5117     0.179   0.04502   0.01412         0
    66/299    0.877G   0.03197   0.01226         0   0.04423         1       640     0.578    0.5926    0.5249    0.1908   0.04351   0.01379         0
    67/299    0.877G    0.0388   0.01361         0   0.05241         2       640    0.5234    0.3704    0.3228   0.08907   0.04843   0.01337         0
    68/299    0.877G   0.04539   0.01456         0   0.05995         1       640    0.4797    0.5185    0.5229    0.1512    0.0481     0.013         0
    69/299    0.877G   0.04446   0.01421         0   0.05867         2       640    0.6874    0.4072    0.5302    0.2051   0.04729   0.01321         0
    70/299    0.877G   0.04255   0.01487         0   0.05741         2       640    0.3842    0.5926    0.3663   0.09555    0.0533   0.01267         0
    71/299    0.877G   0.05272   0.01396         0   0.06668         3       640    0.3842    0.5926    0.3663   0.09555    0.0533   0.01267         0
    72/299    0.877G   0.05632   0.01084         0   0.06716         1       640    0.3872     0.515    0.3302   0.07509   0.05712   0.01234         0
    73/299    0.877G   0.04713   0.01157         0   0.05871         1       640    0.4507    0.5185    0.3981   0.08583   0.05531   0.01261         0
    74/299    0.877G    0.0481    0.0142         0    0.0623         3       640    0.4993    0.4074    0.3681    0.1393    0.0542   0.01284         0
    75/299    0.877G   0.04844   0.01197         0   0.06041         1       640    0.4572    0.4444    0.4031    0.1292   0.05184   0.01291         0
    76/299    0.877G   0.05079   0.01546         0   0.06624         2       640     0.692    0.3329    0.3788    0.1593   0.05222   0.01266         0
    77/299    0.877G   0.04515   0.01398         0   0.05912         3       640    0.4364    0.5185     0.407    0.1266   0.05593   0.01214         0
    78/299    0.877G   0.04747   0.01296         0   0.06043         1       640    0.5648    0.4806    0.4594    0.1583    0.0534   0.01218         0
    79/299    0.877G   0.04251   0.01309         0    0.0556         3       640    0.5648    0.4806    0.4594    0.1583    0.0534   0.01218         0
    80/299    0.877G   0.04356   0.01294         0    0.0565         2       640    0.7738    0.4074    0.4648    0.1654   0.05291   0.01193         0
    81/299    0.877G   0.05141   0.01291         0   0.06432         1       640    0.5217    0.4444    0.3772    0.1392   0.05097   0.01206         0
    82/299    0.877G   0.04065   0.01124         0   0.05189         3       640    0.5217    0.4444    0.3772    0.1392   0.05097   0.01206         0
    83/299    0.877G    0.0444   0.01075         0   0.05515         1       640    0.6468     0.407    0.4059     0.149   0.05004    0.0121         0
    84/299    0.877G   0.04927   0.01162         0   0.06089         2       640    0.5534    0.5556    0.4955    0.2253   0.04877   0.01207         0
    85/299    0.877G    0.0449   0.01328         0   0.05819         1       640    0.6149    0.5926    0.5275    0.2065   0.04779   0.01197         0
    86/299    0.877G   0.04657   0.01174         0   0.05831         1       640    0.6149    0.5926    0.5275    0.2065   0.04779   0.01197         0
    87/299    0.877G   0.04585   0.01174         0   0.05759         2       640    0.5665    0.6296     0.521    0.2005    0.0462   0.01207         0
    88/299    0.877G   0.04825   0.01217         0   0.06042         1       640    0.7727    0.6296    0.6797    0.2952    0.0447   0.01199         0
    89/299    0.877G   0.04352   0.01549         0   0.05902         2       640    0.7727    0.6296    0.6797    0.2952    0.0447   0.01199         0
    90/299    0.877G   0.03947    0.0133         0   0.05277         1       640    0.7265    0.5926    0.6497    0.2678   0.04511   0.01167         0
    91/299    0.877G   0.04244   0.01245         0   0.05488         2       640    0.6911    0.6667    0.6682    0.2763   0.04349   0.01169         0
    92/299    0.877G   0.04574   0.01416         0    0.0599         2       640    0.6911    0.6667    0.6682    0.2763   0.04349   0.01169         0
    93/299    0.877G   0.04158   0.01076         0   0.05234         3       640    0.6661    0.6649    0.6391    0.2297   0.04601   0.01134         0
    94/299    0.877G   0.04442   0.01006         0   0.05448         1       640    0.7196    0.6653    0.6578    0.2503   0.04116   0.01217         0
    95/299    0.877G    0.0413   0.01237         0   0.05366         1       640    0.7196    0.6653    0.6578    0.2503   0.04116   0.01217         0
    96/299    0.877G   0.04723   0.01154         0   0.05877         1       640    0.7893     0.555    0.5982    0.1756   0.04264   0.01229         0
    97/299    0.877G    0.0467     0.017         0    0.0637         3       640    0.8332     0.555    0.6158    0.2658   0.04394   0.01245         0
    98/299    0.877G   0.04148   0.01233         0    0.0538         3       640    0.7484    0.5556    0.5842    0.2397   0.04778   0.01237         0
    99/299    0.877G    0.0395  0.009696         0    0.0492         0       640    0.7484    0.5556    0.5842    0.2397   0.04778   0.01237         0
   100/299    0.877G   0.03829   0.01107         0   0.04935         4       640    0.9272    0.4815    0.5838    0.2222   0.05046   0.01215         0
   101/299    0.877G   0.04847   0.01106         0   0.05954         1       640    0.8655    0.4815    0.5561    0.2114   0.04945   0.01202         0
   102/299    0.877G    0.0457   0.01286         0   0.05857         2       640    0.8655    0.4815    0.5561    0.2114   0.04945   0.01202         0
   103/299    0.877G    0.0397    0.0112         0    0.0509         1       640    0.8655    0.4815    0.5564     0.249   0.05067   0.01181         0
   104/299    0.877G   0.04102   0.01062         0   0.05164         1       640    0.7777    0.5183    0.5904    0.2009   0.04925   0.01192         0
   105/299    0.877G   0.04355   0.01188         0   0.05543         1       640    0.7777    0.5183    0.5904    0.2009   0.04925   0.01192         0
   106/299    0.877G   0.03526  0.009258         0   0.04452         2       640    0.8122    0.4806    0.5873    0.1871   0.05137   0.01191         0
   107/299    0.877G   0.03766   0.01142         0   0.04908         2       640    0.7915    0.7029    0.7325    0.2206   0.04993   0.01157         0
   108/299    0.877G   0.04103   0.01372         0   0.05475         2       640    0.7915    0.7029    0.7325    0.2206   0.04993   0.01157         0
   109/299    0.877G   0.03689   0.01273         0   0.04962         3       640    0.7017    0.7037    0.6704     0.224    0.0474   0.01176         0
   110/299    0.877G   0.04072  0.009918         0   0.05064         2       640    0.6782    0.7037    0.6871    0.2643   0.04631   0.01181         0
   111/299    0.877G   0.03964   0.01068         0   0.05032         1       640    0.6782    0.7037    0.6871    0.2643   0.04631   0.01181         0
   112/299    0.877G    0.0374   0.01206         0   0.04946         2       640    0.5916    0.5926    0.5722    0.2503   0.04786   0.01173         0
   113/299    0.877G   0.03656   0.01025         0   0.04681         1       640    0.5678    0.5926      0.56    0.1956   0.04778   0.01185         0
   114/299    0.877G   0.03427   0.01143         0    0.0457         1       640    0.7497    0.5547    0.6279    0.2505   0.04634    0.0117         0
   115/299    0.877G   0.03193   0.01011         0   0.04204         1       640    0.7497    0.5547    0.6279    0.2505   0.04634    0.0117         0
   116/299    0.877G   0.03849   0.01162         0   0.05011         1       640    0.9949    0.5185    0.6596    0.2562   0.04361   0.01207         0
   117/299    0.877G   0.03357   0.01147         0   0.04503         1       640    0.9297    0.5185     0.655    0.2118   0.04459   0.01195         0
   118/299    0.877G   0.03569   0.01137         0   0.04706         2       640    0.9297    0.5185     0.655    0.2118   0.04459   0.01195         0
   119/299    0.877G   0.03541   0.01053         0   0.04593         1       640     0.927    0.4815    0.6279    0.2051   0.04528   0.01211         0
   120/299    0.877G   0.03839   0.01126         0   0.04965         2       640    0.7087    0.5556    0.6094    0.2201   0.04318   0.01257         0
   121/299    0.877G   0.03508   0.01131         0   0.04639         0       640    0.7087    0.5556    0.6094    0.2201   0.04318   0.01257         0
   122/299    0.877G   0.03561   0.01206         0   0.04767         1       640    0.5727    0.5556    0.5336    0.1679   0.04448   0.01267         0
   123/299    0.877G   0.04411   0.01394         0   0.05805         3       640    0.5831     0.518    0.5443    0.1938   0.04555   0.01269         0
   124/299    0.877G   0.03606   0.01162         0   0.04767         4       640    0.5831     0.518    0.5443    0.1938   0.04555   0.01269         0
   125/299    0.877G   0.03557   0.01125         0   0.04682         1       640    0.4652    0.5185    0.4663    0.1321   0.04736   0.01287         0
   126/299    0.877G   0.04047    0.0106         0   0.05108         1       640    0.6174    0.5556    0.5715    0.1883   0.04532   0.01299         0
   127/299    0.877G   0.03654   0.01345         0   0.04998         2       640    0.6174    0.5556    0.5715    0.1883   0.04532   0.01299         0
   128/299    0.877G   0.03666   0.01302         0   0.04968         3       640    0.6013    0.5185    0.5423    0.1917   0.04592   0.01309         0
   129/299    0.877G   0.03624   0.01292         0   0.04916         1       640    0.7308    0.5185    0.5563    0.1815   0.04674    0.0129         0
   130/299    0.877G   0.03378   0.01495         0   0.04873         4       640    0.8562    0.4444    0.5394    0.1929   0.04683   0.01295         0
   131/299    0.877G   0.03647    0.0133         0   0.04977         4       640    0.8562    0.4444    0.5394    0.1929   0.04683   0.01295         0
   132/299    0.877G   0.03277   0.01016         0   0.04292         1       640    0.7941    0.4444    0.5291    0.1344   0.05058   0.01273         0
   133/299    0.877G   0.03392   0.01356         0   0.04748         4       640    0.9935    0.4074    0.5343    0.1679   0.04952   0.01297         0
   134/299    0.877G   0.03817   0.01377         0   0.05194         3       640    0.9935    0.4074    0.5343    0.1679   0.04952   0.01297         0
   135/299    0.877G   0.02645  0.008811         0   0.03526         2       640    0.7483    0.4444    0.5015    0.1716   0.04965   0.01294         0
   136/299    0.877G   0.03253   0.01262         0   0.04515         1       640    0.8457    0.4074    0.5136     0.161   0.04943   0.01308         0
   137/299    0.877G   0.03121  0.009017         0   0.04022         1       640    0.8457    0.4074    0.5136     0.161   0.04943   0.01308         0
   138/299    0.877G   0.03217   0.01043         0    0.0426         1       640    0.8453     0.405    0.4983    0.1849   0.05041   0.01326         0
   139/299    0.877G   0.03307   0.01221         0   0.04528         1       640    0.7056    0.4444    0.5136    0.1904   0.04986   0.01335         0
   140/299    0.877G   0.03421   0.01225         0   0.04646         1       640    0.7056    0.4444    0.5136    0.1904   0.04986   0.01335         0
   141/299    0.877G    0.0286   0.01137         0   0.03997         2       640     0.642    0.4815    0.5191     0.194   0.04985   0.01315         0
   142/299    0.877G   0.03561   0.01279         0    0.0484         1       640    0.6666    0.4442    0.5158    0.1995   0.04801   0.01318         0
   143/299    0.877G   0.03482   0.01198         0    0.0468         0       640    0.6666    0.4442    0.5158    0.1995   0.04801   0.01318         0
   144/299    0.877G   0.03827   0.01023         0    0.0485         1       640    0.8332      0.37    0.4825    0.1713   0.04905   0.01315         0
   145/299    0.877G   0.03657  0.009877         0   0.04645         1       640    0.9231    0.4444    0.5521    0.1968   0.04906   0.01307         0
   146/299    0.877G   0.03232   0.01153         0   0.04384         2       640     0.832    0.5556    0.6056    0.2231   0.04673   0.01285         0
   147/299    0.877G   0.03064  0.008111         0   0.03876         1       640     0.832    0.5556    0.6056    0.2231   0.04673   0.01285         0
   148/299    0.877G   0.03045   0.01209         0   0.04254         1       640    0.8326    0.5556    0.5978    0.2107   0.04746   0.01266         0
   149/299    0.877G   0.02945   0.01139         0   0.04084         2       640    0.7495    0.4444     0.454     0.165   0.04869   0.01238         0
   150/299    0.877G   0.03148   0.01086         0   0.04234         2       640    0.7495    0.4444     0.454     0.165   0.04869   0.01238         0
   151/299    0.877G   0.02741    0.0118         0   0.03921         4       640    0.9284    0.4805    0.5528    0.1798   0.04867   0.01238         0
   152/299    0.877G   0.02979   0.01122         0   0.04101         2       640    0.6214    0.5556    0.5513    0.2103   0.04735   0.01232         0
   153/299    0.877G   0.02964  0.009628         0   0.03926         2       640    0.6214    0.5556    0.5513    0.2103   0.04735   0.01232         0
   154/299    0.877G   0.03074   0.01022         0   0.04096         0       640    0.9326    0.5185    0.5976    0.2293   0.04616   0.01234         0
   155/299    0.877G   0.03399   0.01225         0   0.04624         2       640    0.7363    0.5171    0.5329    0.2123   0.04537   0.01199         0
