     0/299    0.816G    0.1048    0.0256         0    0.1304         3       640  0.001616   0.03704 0.0004032 4.865e-05   0.09917   0.02349         0
     1/299    0.875G    0.1135   0.02561         0    0.1391         2       640   0.00116    0.1852 0.0002857 3.819e-05   0.09739   0.02298         0
     2/299    0.875G   0.09182   0.02309         0    0.1149         0       640  0.004286   0.03704  0.000645 0.0001015   0.09453   0.02256         0
     3/299    0.875G    0.1007   0.02339         0    0.1241         3       640  0.002635    0.1481 0.0009683  0.000175   0.09192   0.02237         0
     4/299    0.875G   0.07444    0.0231         0   0.09754         0       640  0.005614    0.1852  0.001706 0.0003024    0.0899   0.02198         0
     5/299    0.877G     0.111   0.02347         0    0.1344         1       640  0.007296    0.1111  0.002283 0.0004036   0.08825   0.02146         0
     6/299    0.877G   0.08361   0.02091         0    0.1045         1       640   0.01113    0.2593  0.004776 0.0007947   0.08593   0.02097         0
     7/299    0.877G   0.08705   0.02221         0    0.1093         2       640  0.009714    0.2593  0.004878 0.0009512   0.08437   0.02058         0
     8/299    0.877G   0.07739   0.02279         0    0.1002         1       640   0.01159    0.2593  0.005893 0.0008906   0.08204   0.02023         0
     9/299    0.877G   0.07871   0.02239         0    0.1011         3       640   0.01349    0.1687  0.008234  0.001274   0.07911    0.0202         0
    10/299    0.877G   0.08595   0.02121         0    0.1072         3       640   0.01847    0.1852   0.01195  0.001933   0.07566   0.02017         0
    11/299    0.877G   0.07562   0.02313         0   0.09875         2       640   0.02746    0.2222   0.01792  0.002998   0.07139   0.02013         0
    12/299    0.877G   0.07144   0.02183         0   0.09327         2       640   0.03225    0.3333   0.02017  0.003639   0.06832   0.01992         0
    13/299    0.877G   0.06505   0.02143         0   0.08647         3       640   0.02803    0.4815   0.01899  0.003417   0.06711    0.0196         0
    14/299    0.877G   0.07787   0.02356         0    0.1014         4       640   0.05741    0.1852   0.03167  0.006219   0.06623   0.01938         0
    15/299    0.877G   0.06194   0.02015         0   0.08209         3       640   0.07362    0.2963    0.0411  0.009005   0.06536    0.0192         0
    16/299    0.877G   0.06996    0.0242         0   0.09416         1       640    0.0979    0.2963   0.05907   0.01442   0.06354   0.01909         0
    17/299    0.877G   0.07193   0.02506         0   0.09699         3       640    0.1099    0.3333   0.05925   0.01429   0.06283   0.01885         0
    18/299    0.877G   0.05702   0.02094         0   0.07796         0       640    0.1815    0.2963   0.09581   0.02506   0.06086   0.01879         0
    19/299    0.877G   0.05563   0.02002         0   0.07564         2       640    0.1949    0.2963    0.1032    0.0294   0.06048   0.01857         0
    20/299    0.877G   0.06024    0.0206         0   0.08084         1       640    0.2551    0.2963    0.1468   0.04332   0.05849   0.01842         0
    21/299    0.877G    0.0561      0.02         0    0.0761         2       640    0.3593    0.3333    0.1969   0.07335   0.05653   0.01805         0
    22/299    0.877G   0.06713   0.02231         0   0.08943         5       640    0.3327    0.3333    0.2243   0.09187    0.0553   0.01788         0
    23/299    0.877G   0.07009   0.01938         0   0.08947         3       640     0.339    0.3232    0.2599   0.08573   0.05427   0.01788         0
    24/299    0.877G   0.06183   0.02416         0   0.08598         4       640    0.3204    0.3333    0.2811   0.07935   0.05503   0.01735         0
    25/299    0.877G    0.0563   0.01981         0   0.07611         1       640    0.3072    0.5556    0.3287    0.1023   0.05139   0.01743         0
    26/299    0.877G    0.0604   0.02138         0   0.08178         1       640    0.5329    0.2963     0.333    0.1071   0.04971   0.01742         0
    27/299    0.877G   0.05543   0.02149         0   0.07692         2       640    0.2389    0.6296     0.233   0.05223   0.05269   0.01678         0
    28/299    0.877G   0.04516   0.01493         0    0.0601         1       640    0.2943    0.5185    0.3025     0.102   0.05222   0.01642         0
    29/299    0.877G   0.06066   0.01705         0   0.07771         1       640    0.4479    0.3333    0.3675    0.1281   0.04922   0.01682         0
    30/299    0.877G   0.04631   0.01818         0   0.06449         1       640    0.2794    0.4815    0.2581   0.09236   0.05017   0.01641         0
    31/299    0.877G   0.05231   0.01993         0   0.07224         1       640     0.311    0.5556     0.312   0.07995   0.04895   0.01641         0
    32/299    0.877G   0.05073   0.02193         0   0.07266         2       640    0.2707    0.6296    0.3179   0.08274   0.04889   0.01601         0
    33/299    0.877G   0.04196   0.01761         0   0.05957         2       640    0.3588    0.5185     0.387    0.1426   0.04709   0.01605         0
    34/299    0.877G   0.04313   0.01765         0   0.06078         1       640    0.4752    0.3689    0.3785    0.1155   0.04732   0.01591         0
    35/299    0.877G   0.04769    0.0184         0   0.06609         3       640    0.3672    0.4731    0.3501    0.0876   0.05015   0.01519         0
    36/299    0.877G   0.05278   0.01775         0   0.07053         4       640    0.4512    0.5178    0.4358    0.1653   0.05022   0.01509         0
    37/299    0.877G   0.05509   0.01898         0   0.07407         4       640    0.3752    0.5556    0.3753    0.0768   0.05407   0.01442         0
    38/299    0.877G   0.04746    0.0161         0   0.06356         3       640    0.4967    0.4444    0.4696    0.1591   0.05317   0.01422         0
    39/299    0.877G   0.05656   0.01481         0   0.07138         1       640    0.4967    0.4444    0.4696    0.1591   0.05317   0.01422         0
    40/299    0.877G   0.04721   0.01815         0   0.06536         2       640    0.4824    0.6667    0.4828    0.1715   0.04862   0.01444         0
    41/299    0.877G   0.04498   0.01386         0   0.05884         1       640    0.4867    0.7037    0.5493     0.148   0.04887   0.01435         0
    42/299    0.877G    0.0516   0.01505         0   0.06665         1       640    0.5069    0.7037    0.5267    0.2133   0.04985   0.01392         0
    43/299    0.877G   0.04272   0.01544         0   0.05816         3       640    0.5402    0.7037    0.5973    0.1929   0.05075   0.01385         0
    44/299    0.877G   0.04574   0.01499         0   0.06073         2       640    0.6392    0.6667    0.6078    0.2287   0.05048   0.01387         0
    45/299    0.877G   0.04656   0.01546         0   0.06202         1       640    0.4585    0.6587     0.459     0.111   0.05144   0.01383         0
    46/299    0.877G   0.05186   0.01586         0   0.06772         4       640     0.695    0.5067    0.5392    0.1942   0.05416   0.01316         0
    47/299    0.877G   0.04675   0.01298         0   0.05972         1       640    0.7516    0.5926    0.6449    0.2462   0.04907    0.0137         0
    48/299    0.877G   0.04319   0.01393         0   0.05712         1       640    0.9236    0.5556    0.7253    0.2487   0.04716   0.01387         0
    49/299    0.877G   0.05413   0.01918         0   0.07331         3       640    0.5976    0.7778    0.6868    0.3145   0.04774   0.01369         0
    50/299    0.877G   0.05138   0.01717         0   0.06856         2       640    0.5872    0.5799    0.4872    0.1208   0.05195   0.01318         0
    51/299    0.877G   0.04628   0.01623         0   0.06251         1       640    0.6402    0.5556    0.4848    0.1866   0.04988   0.01374         0
    52/299    0.877G   0.05016   0.01505         0    0.0652         1       640    0.7265    0.5903    0.6119    0.1474   0.05362   0.01302         0
    53/299    0.877G   0.04884    0.0188         0   0.06764         4       640    0.7214    0.5926    0.5508    0.2661   0.04269   0.01425         0
    54/299    0.877G   0.04137   0.01672         0   0.05809         3       640     0.769    0.6296    0.6683    0.2615   0.04313   0.01415         0
    55/299    0.877G   0.04268   0.01548         0   0.05817         0       640    0.8535    0.4815    0.5868    0.1854   0.04363   0.01415         0
    56/299    0.877G   0.04233   0.01492         0   0.05725         2       640    0.6927    0.5926    0.5887    0.2687    0.0448     0.014         0
    57/299    0.877G   0.04773   0.01575         0   0.06348         1       640    0.6636    0.5926    0.5769    0.2849   0.04339   0.01413         0
    58/299    0.877G   0.04646   0.01682         0   0.06327         2       640    0.7395    0.5556    0.5913    0.2741    0.0432   0.01398         0
    59/299    0.877G   0.04353   0.01438         0   0.05791         2       640    0.6254    0.5926    0.5887    0.2588   0.04441   0.01376         0
    60/299    0.877G   0.04636   0.01481         0   0.06118         3       640    0.6177    0.6296    0.6283    0.2774   0.04596   0.01343         0
    61/299    0.877G   0.04103   0.01594         0   0.05697         1       640    0.6393     0.591    0.5898    0.2435    0.0472   0.01331         0
    62/299    0.877G   0.04244   0.01461         0   0.05705         1       640    0.5687    0.5926    0.5811    0.2625   0.04793   0.01315         0
    63/299    0.877G    0.0415   0.01218         0   0.05368         1       640    0.6068    0.6287    0.6075     0.264   0.04944   0.01285         0
    64/299    0.877G   0.03999   0.01419         0   0.05419         0       640    0.5685    0.5859     0.614    0.2459   0.04654   0.01298         0
    65/299    0.877G   0.04486   0.01528         0   0.06014         1       640    0.5707    0.6296    0.6294    0.2448   0.04442   0.01294         0
    66/299    0.877G   0.03832    0.0118         0   0.05012         1       640    0.6469    0.4071    0.4148    0.1471    0.0455   0.01298         0
    67/299    0.877G   0.04266   0.01325         0   0.05591         2       640    0.5493    0.5556     0.544    0.1495   0.04486   0.01287         0
    68/299    0.877G   0.04521   0.01477         0   0.05998         1       640    0.6143    0.4444    0.5171    0.1682   0.04437   0.01312         0
    69/299    0.877G   0.04156    0.0153         0   0.05686         2       640    0.6798    0.4815    0.5462     0.182   0.04261   0.01332         0
    70/299    0.877G   0.04118   0.01498         0   0.05616         2       640    0.4769    0.4815    0.4458    0.1214   0.04647   0.01283         0
    71/299    0.877G   0.04814   0.01467         0    0.0628         3       640    0.4769    0.4815    0.4458    0.1214   0.04647   0.01283         0
    72/299    0.877G   0.05026   0.01165         0   0.06192         1       640    0.4067    0.4074    0.3676     0.081   0.04967   0.01258         0
    73/299    0.877G   0.04448   0.01209         0   0.05657         1       640    0.3877    0.5185    0.3625    0.1229   0.04807   0.01258         0
    74/299    0.877G   0.04199   0.01505         0   0.05704         3       640    0.4203    0.5926    0.4624    0.2027   0.04615   0.01294         0
    75/299    0.877G   0.03879   0.01282         0   0.05162         1       640    0.3691    0.6285    0.3934    0.1295   0.04563   0.01265         0
    76/299    0.877G   0.04607   0.01559         0   0.06166         2       640    0.6152    0.5922    0.5722    0.1961   0.04295   0.01254         0
    77/299    0.877G   0.03863   0.01397         0   0.05261         3       640    0.7892    0.5545    0.6392    0.2652   0.04081   0.01196         0
    78/299    0.877G   0.04316   0.01277         0   0.05592         1       640    0.5292    0.3333    0.4384    0.1215   0.05253   0.01058         0
    79/299    0.877G   0.04937   0.01178         0   0.06115         3       640    0.5292    0.3333    0.4384    0.1215   0.05253   0.01058         0
    80/299    0.877G   0.04525   0.01264         0   0.05789         2       640    0.5196    0.4807    0.4896    0.1736   0.05115   0.01048         0
    81/299    0.877G   0.04799   0.01304         0   0.06103         1       640    0.5993    0.5556    0.5604    0.2506   0.04337   0.01127         0
    82/299    0.877G   0.03882   0.01149         0   0.05031         3       640    0.5993    0.5556    0.5604    0.2506   0.04337   0.01127         0
    83/299    0.877G   0.04344   0.01088         0   0.05431         1       640    0.4537    0.7382    0.4762    0.2159   0.04349   0.01138         0
    84/299    0.877G   0.04695   0.01211         0   0.05906         2       640    0.5379    0.5185    0.5477    0.1864   0.04572   0.01117         0
    85/299    0.877G   0.04189   0.01315         0   0.05504         1       640     0.514    0.6667    0.4845    0.1236   0.04292    0.0113         0
    86/299    0.877G   0.04574   0.01237         0   0.05811         1       640     0.514    0.6667    0.4845    0.1236   0.04292    0.0113         0
    87/299    0.877G   0.04541   0.01187         0   0.05727         2       640     0.476    0.7739    0.5208    0.1488   0.04353   0.01122         0
    88/299    0.877G   0.04775   0.01256         0   0.06031         1       640    0.8063    0.6296    0.6382    0.2643   0.04208    0.0117         0
    89/299    0.877G   0.04018   0.01596         0   0.05614         2       640    0.8063    0.6296    0.6382    0.2643   0.04208    0.0117         0
    90/299    0.877G   0.03749   0.01433         0   0.05182         1       640    0.7484    0.6611    0.5971     0.218   0.04553   0.01145         0
    91/299    0.877G   0.03894   0.01319         0   0.05214         2       640    0.7389     0.629    0.6669    0.2214   0.04095   0.01185         0
    92/299    0.877G   0.03957   0.01549         0   0.05506         2       640    0.7389     0.629    0.6669    0.2214   0.04095   0.01185         0
    93/299    0.877G   0.03492   0.01183         0   0.04675         3       640    0.6941    0.5926    0.6162     0.199    0.0434   0.01156         0
    94/299    0.877G   0.03957   0.01045         0   0.05002         1       640    0.7603    0.5926    0.6708     0.215   0.04614   0.01144         0
    95/299    0.877G   0.03825   0.01294         0   0.05119         1       640    0.7603    0.5926    0.6708     0.215   0.04614   0.01144         0
    96/299    0.877G   0.04466   0.01195         0   0.05662         1       640    0.5924    0.5922    0.6084    0.2045   0.04847   0.01143         0
    97/299    0.877G   0.04533   0.01753         0   0.06285         3       640    0.7624    0.4815    0.5652    0.2147   0.04582   0.01213         0
    98/299    0.877G   0.03957   0.01301         0   0.05258         3       640    0.6028    0.6296    0.5597    0.1901   0.04419   0.01182         0
    99/299    0.877G   0.03789   0.00999         0   0.04788         0       640    0.6028    0.6296    0.5597    0.1901   0.04419   0.01182         0
   100/299    0.877G   0.03453   0.01157         0   0.04611         4       640    0.7615    0.5913    0.6295    0.2029   0.04332   0.01175         0
   101/299    0.877G   0.04212   0.01184         0   0.05395         1       640    0.6918    0.6652    0.6477    0.2537   0.04402   0.01142         0
   102/299    0.877G   0.03809    0.0141         0   0.05219         2       640    0.6918    0.6652    0.6477    0.2537   0.04402   0.01142         0
   103/299    0.877G   0.03491   0.01155         0   0.04646         1       640    0.7802    0.6667    0.6514    0.2795   0.04376   0.01126         0
   104/299    0.877G   0.03573   0.01163         0   0.04736         1       640    0.7861    0.5556    0.6503    0.2639   0.04328   0.01127         0
   105/299    0.877G   0.03766   0.01203         0   0.04969         1       640    0.7861    0.5556    0.6503    0.2639   0.04328   0.01127         0
   106/299    0.877G   0.03091  0.009819         0   0.04073         2       640    0.8748    0.5176    0.6527     0.253   0.04438   0.01123         0
   107/299    0.877G   0.03037   0.01199         0   0.04236         2       640    0.7771    0.5185    0.6123    0.2417   0.04475   0.01125         0
   108/299    0.877G   0.03951   0.01298         0    0.0525         2       640    0.7771    0.5185    0.6123    0.2417   0.04475   0.01125         0
   109/299    0.877G   0.04043   0.01243         0   0.05286         3       640    0.6078    0.5926    0.5946    0.2627   0.04438   0.01117         0
   110/299    0.877G    0.0379  0.009351         0   0.04726         2       640    0.7391    0.6294    0.6669    0.3155   0.04201   0.01128         0
   111/299    0.877G   0.03768   0.01106         0   0.04874         1       640    0.7391    0.6294    0.6669    0.3155   0.04201   0.01128         0
   112/299    0.877G   0.03437    0.0124         0   0.04677         2       640    0.8329    0.5556    0.6625    0.2849   0.04216   0.01141         0
   113/299    0.877G   0.03515   0.01024         0   0.04538         1       640      0.88    0.5556    0.6495     0.264   0.04016   0.01186         0
   114/299    0.877G   0.03254   0.01145         0   0.04399         1       640    0.8748    0.5178    0.6201    0.2076   0.04247   0.01192         0
   115/299    0.877G   0.03215  0.009577         0   0.04172         1       640    0.8748    0.5178    0.6201    0.2076   0.04247   0.01192         0
   116/299    0.877G    0.0385   0.01132         0   0.04982         1       640    0.8233    0.5185    0.6043    0.2231   0.04314   0.01239         0
   117/299    0.877G   0.03285   0.01137         0   0.04423         1       640    0.7361    0.5185    0.5741    0.2109   0.04511   0.01255         0
   118/299    0.877G   0.03598   0.01069         0   0.04667         2       640    0.7361    0.5185    0.5741    0.2109   0.04511   0.01255         0
   119/299    0.877G   0.03679    0.0102         0   0.04699         1       640    0.6354    0.5185     0.531    0.2006   0.04647   0.01256         0
   120/299    0.877G   0.03645   0.01086         0   0.04731         2       640    0.4975    0.5135    0.4527    0.1643   0.04807   0.01287         0
   121/299    0.877G   0.03243   0.01155         0   0.04398         0       640    0.4975    0.5135    0.4527    0.1643   0.04807   0.01287         0
   122/299    0.877G   0.03395   0.01183         0   0.04578         1       640    0.6197    0.3704     0.438    0.1479   0.05077   0.01295         0
   123/299    0.877G   0.04076   0.01365         0   0.05441         3       640    0.5175    0.5185    0.4576    0.1392   0.05091   0.01283         0
   124/299    0.877G   0.03181   0.01172         0   0.04353         4       640    0.5175    0.5185    0.4576    0.1392   0.05091   0.01283         0
   125/299    0.877G   0.03253   0.01102         0   0.04356         1       640    0.5839    0.4444     0.378    0.1107   0.05376    0.0125         0
   126/299    0.877G   0.03885  0.009558         0   0.04841         1       640    0.4982    0.3704    0.3399   0.09754     0.058   0.01217         0
   127/299    0.877G    0.0367   0.01292         0   0.04962         2       640    0.4982    0.3704    0.3399   0.09754     0.058   0.01217         0
   128/299    0.877G   0.03619   0.01298         0   0.04917         3       640    0.3661    0.4074    0.3358   0.08274   0.06075   0.01194         0
   129/299    0.877G    0.0358   0.01258         0   0.04838         1       640     0.367    0.3704    0.2863   0.08401   0.06157   0.01199         0
   130/299    0.877G   0.03447   0.01397         0   0.04844         4       640    0.3555    0.4815    0.2914    0.0984   0.05867   0.01216         0
   131/299    0.877G   0.03452   0.01285         0   0.04737         4       640    0.3555    0.4815    0.2914    0.0984   0.05867   0.01216         0
   132/299    0.877G   0.03457  0.009867         0   0.04443         1       640    0.4781    0.4752    0.3301   0.08639   0.06125   0.01208         0
   133/299    0.877G    0.0325   0.01297         0   0.04547         4       640    0.2756    0.3666    0.1875   0.06991   0.06387   0.01231         0
   134/299    0.877G   0.03676   0.01278         0   0.04954         3       640    0.2756    0.3666    0.1875   0.06991   0.06387   0.01231         0
   135/299    0.877G   0.02552  0.008785         0   0.03431         2       640    0.2918    0.2963    0.1815   0.04803   0.06656   0.01207         0
   136/299    0.877G   0.03853   0.01155         0   0.05008         1       640    0.2695    0.2963    0.1605   0.06408   0.06317   0.01238         0
   137/299    0.877G   0.03613  0.008773         0    0.0449         1       640    0.2695    0.2963    0.1605   0.06408   0.06317   0.01238         0
   138/299    0.877G   0.03826  0.009721         0   0.04798         1       640    0.3794    0.3704    0.2488    0.1054   0.06071   0.01256         0
   139/299    0.877G   0.04168   0.01118         0   0.05286         1       640    0.4738    0.3669    0.3067    0.1083   0.06183   0.01254         0
   140/299    0.877G   0.03762   0.01149         0   0.04911         1       640    0.4738    0.3669    0.3067    0.1083   0.06183   0.01254         0
   141/299    0.877G   0.03444   0.01065         0   0.04509         2       640     0.498    0.3333    0.2763    0.1059   0.06016   0.01278         0
   142/299    0.877G   0.03854   0.01285         0   0.05139         1       640    0.5115    0.5045    0.4216    0.1549   0.05598   0.01346         0
   143/299    0.877G   0.03355   0.01244         0   0.04599         0       640    0.5115    0.5045    0.4216    0.1549   0.05598   0.01346         0
   144/299    0.877G   0.03409   0.01007         0   0.04415         1       640    0.7027     0.438    0.4494    0.1741   0.05477   0.01366         0
   145/299    0.877G   0.03341  0.009607         0   0.04302         1       640    0.9161    0.4074     0.504    0.1789   0.04626   0.01413         0
   146/299    0.877G   0.02996    0.0118         0   0.04176         2       640    0.6837    0.4074    0.4046    0.1879   0.04595   0.01353         0
   147/299    0.877G   0.03074  0.008348         0   0.03909         1       640    0.6837    0.4074    0.4046    0.1879   0.04595   0.01353         0
   148/299    0.877G   0.03205   0.01214         0   0.04419         1       640     0.698    0.5185    0.5428    0.1914   0.04491   0.01341         0
   149/299    0.877G   0.03232   0.01154         0   0.04387         2       640    0.8325    0.5523    0.6111    0.2194   0.04195    0.0128         0
   150/299    0.877G    0.0301   0.01098         0   0.04108         2       640    0.8325    0.5523    0.6111    0.2194   0.04195    0.0128         0
   151/299    0.877G   0.02525   0.01109         0   0.03634         4       640    0.8419    0.5917    0.6259    0.2318   0.04248   0.01266         0
   152/299    0.877G   0.02922    0.0109         0   0.04012         2       640    0.7092    0.5556    0.5447    0.2201   0.04231   0.01292         0
   153/299    0.877G   0.02894  0.009364         0   0.03831         2       640    0.7092    0.5556    0.5447    0.2201   0.04231   0.01292         0
   154/299    0.877G   0.03118   0.01003         0   0.04121         0       640    0.7136    0.5537    0.5305     0.178    0.0423   0.01308         0
   155/299    0.877G   0.03469   0.01232         0   0.04701         2       640    0.7486    0.5556    0.5434    0.2048   0.04128   0.01323         0
   156/299    0.877G    0.0289  0.008882         0   0.03778         0       640    0.7486    0.5556    0.5434    0.2048   0.04128   0.01323         0
   157/299    0.877G   0.03065   0.01031         0   0.04095         1       640    0.7498    0.5556    0.5121    0.1991   0.04242   0.01316         0
   158/299    0.877G   0.03691   0.01237         0   0.04928         4       640    0.6057    0.5185    0.4085    0.1859    0.0446    0.0134         0
   159/299    0.877G   0.02619   0.01085         0   0.03704         2       640    0.6057    0.5185    0.4085    0.1859    0.0446    0.0134         0
   160/299    0.877G   0.03358   0.01153         0   0.04512         2       640    0.5576    0.5185    0.4009    0.1674   0.04536   0.01359         0
   161/299    0.877G   0.02793  0.008832         0   0.03677         3       640    0.5807    0.5185    0.4083    0.1694   0.04356   0.01403         0
   162/299    0.877G    0.0337    0.0134         0    0.0471         1       640    0.8333    0.3703    0.4212    0.1474    0.0445   0.01462         0
   163/299    0.877G   0.03021  0.008956         0   0.03917         1       640    0.8333    0.3703    0.4212    0.1474    0.0445   0.01462         0
   164/299    0.877G   0.02805   0.01206         0   0.04011         1       640    0.5218    0.4043    0.3308    0.1395   0.04563   0.01479         0
   165/299    0.877G   0.02883   0.01037         0    0.0392         2       640    0.6462     0.406     0.349    0.1484   0.04447   0.01465         0
   166/299    0.877G   0.02234  0.009137         0   0.03148         1       640    0.6462     0.406     0.349    0.1484   0.04447   0.01465         0
   167/299    0.877G   0.02902  0.009667         0   0.03869         2       640    0.6469    0.4071    0.3908    0.1782   0.04343   0.01435         0
   168/299    0.877G   0.02675   0.01114         0   0.03789         2       640     0.666    0.4444    0.4429    0.1959   0.04409   0.01414         0
   169/299    0.877G   0.02604  0.008146         0   0.03419         0       640     0.666    0.4444    0.4429    0.1959   0.04409   0.01414         0
   170/299    0.877G   0.02703   0.01044         0   0.03747         1       640    0.7856    0.4072    0.4636    0.2052   0.04448   0.01403         0
   171/299    0.877G    0.0299   0.01148         0   0.04138         1       640    0.6666    0.3702    0.3401    0.1569   0.04684   0.01426         0
   172/299    0.877G    0.0263   0.01051         0   0.03681         3       640    0.6666    0.3702    0.3401    0.1569   0.04684   0.01426         0
   173/299    0.877G   0.02552  0.007939         0   0.03346         0       640     0.554    0.3682    0.3407    0.1654   0.04707   0.01425         0
   174/299    0.877G   0.03241   0.01086         0   0.04327         3       640    0.7121    0.3704    0.3924    0.1668   0.04695    0.0144         0
   175/299    0.877G   0.02596  0.008301         0   0.03426         1       640    0.7121    0.3704    0.3924    0.1668   0.04695    0.0144         0
   176/299    0.877G   0.02479   0.01051         0    0.0353         0       640    0.4085    0.5117    0.3865    0.1746   0.04786   0.01454         0
   177/299    0.877G   0.02789   0.01193         0   0.03982         3       640    0.4529    0.3704    0.3383    0.1696   0.04804    0.0147         0
   178/299    0.877G   0.02559   0.01117         0   0.03676         2       640    0.8958    0.3333    0.4392    0.1845   0.04813   0.01483         0
   179/299    0.877G   0.03204   0.01279         0   0.04483         2       640    0.8958    0.3333    0.4392    0.1845   0.04813   0.01483         0
   180/299    0.877G   0.03027  0.007726         0   0.03799         1       640    0.7681    0.3704     0.452    0.1697   0.04913   0.01512         0
   181/299    0.877G   0.02502  0.009423         0   0.03445         2       640    0.8181    0.3333    0.4174    0.1409   0.04985   0.01523         0
   182/299    0.877G   0.02597   0.00917         0   0.03514         2       640    0.8181    0.3333    0.4174    0.1409   0.04985   0.01523         0
   183/299    0.877G   0.02933   0.01071         0   0.04003         3       640    0.5782    0.4074    0.4202    0.1369   0.04995   0.01544         0
   184/299    0.877G   0.02947   0.01016         0   0.03963         3       640    0.4955    0.4074    0.3464    0.1548   0.05222    0.0154         0
   185/299    0.877G   0.02853   0.01079         0   0.03933         3       640    0.4955    0.4074    0.3464    0.1548   0.05222    0.0154         0
   186/299    0.877G   0.02847   0.01024         0   0.03871         1       640     0.555    0.3696    0.3176    0.1309   0.05393   0.01549         0
   187/299    0.877G   0.02797  0.009424         0    0.0374         1       640    0.5544    0.3687    0.3123    0.1313   0.05192   0.01573         0
   188/299    0.877G   0.02535  0.007276         0   0.03262         1       640    0.5544    0.3687    0.3123    0.1313   0.05192   0.01573         0
   189/299    0.877G   0.02857  0.008787         0   0.03736         1       640    0.4346      0.37    0.2834    0.1111   0.05248   0.01584         0
   190/299    0.877G   0.02743    0.0113         0   0.03873         4       640    0.5262    0.3704    0.3572    0.1214    0.0522   0.01581         0
   191/299    0.877G   0.02302  0.009945         0   0.03297         1       640    0.5262    0.3704    0.3572    0.1214    0.0522   0.01581         0
   192/299    0.877G   0.02886  0.009376         0   0.03824         1       640    0.5237    0.3704    0.3479    0.1296    0.0526   0.01574         0
   193/299    0.877G   0.02697  0.009885         0   0.03685         3       640    0.4074    0.3333    0.2936    0.1116   0.05274   0.01589         0
   194/299    0.877G   0.02586  0.008994         0   0.03486         1       640    0.4441    0.3333    0.3056    0.1087    0.0526   0.01587         0
   195/299    0.877G   0.02981  0.007455         0   0.03726         2       640    0.4441    0.3333    0.3056    0.1087    0.0526   0.01587         0
   196/299    0.877G   0.02651   0.00966         0   0.03617         1       640    0.4322    0.3704    0.3013       0.1   0.05322   0.01581         0
   197/299    0.877G   0.02391  0.009103         0   0.03301         0       640    0.4408    0.3333    0.2923    0.1021   0.05457   0.01574         0
   198/299    0.877G   0.02442  0.006915         0   0.03134         1       640    0.4408    0.3333    0.2923    0.1021   0.05457   0.01574         0
   199/299    0.877G   0.02657  0.008771         0   0.03534         1       640    0.4262    0.3333    0.2685   0.08014   0.05534   0.01576         0
   200/299    0.877G   0.02539  0.007588         0   0.03298         1       640    0.3666    0.3704    0.2361   0.07261   0.05696   0.01569         0
   201/299    0.877G   0.02928   0.01127         0   0.04055         1       640    0.3666    0.3704    0.2361   0.07261   0.05696   0.01569         0
   202/299    0.877G   0.03025   0.01088         0   0.04113         3       640     0.333    0.2589      0.15   0.05449   0.05832   0.01544         0
   203/299    0.877G   0.02956  0.009633         0    0.0392         2       640     0.473    0.3325     0.245   0.06598   0.05737   0.01558         0
   204/299    0.877G   0.02651  0.009794         0   0.03631         4       640     0.473    0.3325     0.245   0.06598   0.05737   0.01558         0
   205/299    0.877G   0.02571   0.00814         0   0.03385         1       640    0.4714    0.3333    0.2365   0.07608   0.05667   0.01553         0
   206/299    0.877G   0.02772   0.01014         0   0.03786         2       640    0.5279    0.3333    0.2606   0.08106   0.05547   0.01564         0
   207/299    0.877G   0.02379  0.009297         0   0.03309         2       640    0.5279    0.3333    0.2606   0.08106   0.05547   0.01564         0
   208/299    0.877G   0.02621  0.009229         0   0.03544         1       640    0.7688    0.3695     0.343   0.09389   0.05437   0.01549         0
   209/299    0.877G   0.02499   0.01051         0    0.0355         1       640    0.6885    0.3279    0.3029    0.0885   0.05348   0.01538         0
   210/299    0.877G   0.02409  0.009647         0   0.03373         4       640    0.5782    0.4074    0.3408    0.1169   0.05257   0.01501         0
   211/299    0.877G   0.02598   0.01023         0   0.03622         3       640    0.5782    0.4074    0.3408    0.1169   0.05257   0.01501         0
   212/299    0.877G   0.02622   0.00802         0   0.03424         1       640    0.7053    0.4432    0.3858    0.1169    0.0517   0.01474         0
   213/299    0.877G   0.02647   0.01023         0    0.0367         2       640    0.7449    0.4444    0.4236    0.1203    0.0509    0.0147         0
   214/299    0.877G    0.0288  0.009807         0   0.03861         1       640    0.7449    0.4444    0.4236    0.1203    0.0509    0.0147         0
   215/299    0.877G   0.02619  0.009266         0   0.03545         2       640    0.7325    0.5185    0.4444    0.1365   0.04985   0.01467         0
   216/299    0.877G   0.02374  0.008466         0    0.0322         2       640    0.6955    0.5185      0.47    0.1385   0.04896   0.01445         0
   217/299    0.877G   0.02544  0.009389         0   0.03483         2       640    0.6955    0.5185      0.47    0.1385   0.04896   0.01445         0
   218/299    0.877G   0.02482   0.01024         0   0.03506         2       640    0.6354    0.5185    0.4878    0.1515   0.04798   0.01438         0
   219/299    0.877G   0.02329  0.008713         0   0.03201         1       640     0.856    0.4444    0.4725    0.1402   0.04747   0.01432         0
   220/299    0.877G   0.02371   0.01026         0   0.03397         4       640     0.856    0.4444    0.4725    0.1402   0.04747   0.01432         0
   221/299    0.877G   0.02234  0.007915         0   0.03026         2       640    0.7986    0.4444    0.4762    0.1531   0.04708   0.01455         0
   222/299    0.877G   0.02244  0.008296         0   0.03073         2       640     0.854    0.4444    0.4611    0.1507   0.04769   0.01457         0
   223/299    0.877G   0.02183   0.01037         0    0.0322         3       640     0.854    0.4444    0.4611    0.1507   0.04769   0.01457         0
   224/299    0.877G   0.02556   0.00873         0   0.03429         1       640    0.8571    0.4444    0.4625    0.1435   0.04753   0.01436         0
   225/299    0.877G   0.02372  0.009085         0   0.03281         1       640    0.8566    0.4444    0.4642    0.1568    0.0473    0.0142         0
   226/299    0.877G   0.02492   0.01075         0   0.03567         3       640    0.8559    0.4444    0.4713    0.1593   0.04715   0.01441         0
   227/299    0.877G   0.02083  0.007831         0   0.02866         2       640    0.8559    0.4444    0.4713    0.1593   0.04715   0.01441         0
   228/299    0.877G   0.02487   0.01109         0   0.03595         2       640    0.7997    0.4444    0.4516    0.1462    0.0471   0.01462         0
   229/299    0.877G   0.02037  0.008918         0   0.02929         1       640    0.6659    0.3704    0.3443    0.1275   0.04815   0.01448         0
   230/299    0.877G   0.02566  0.009661         0   0.03532         3       640    0.6659    0.3704    0.3443    0.1275   0.04815   0.01448         0
   231/299    0.877G   0.02243  0.008669         0    0.0311         3       640    0.6658    0.3704    0.3407    0.1211    0.0495   0.01445         0
   232/299    0.877G   0.01947  0.006976         0   0.02644         1       640    0.6465    0.4074    0.3996    0.1539   0.04916    0.0147         0
   233/299    0.877G   0.02841  0.008533         0   0.03695         3       640    0.6465    0.4074    0.3996    0.1539   0.04916    0.0147         0
   234/299    0.877G   0.01986  0.005798         0   0.02566         0       640    0.7688    0.3704    0.3994    0.1502   0.04836   0.01474         0
   235/299    0.877G   0.02106  0.007464         0   0.02853         0       640    0.5765    0.4074    0.3349    0.1414   0.04888   0.01486         0
   236/299    0.877G   0.02357   0.00714         0   0.03071         1       640    0.5765    0.4074    0.3349    0.1414   0.04888   0.01486         0
   237/299    0.877G   0.02509   0.01116         0   0.03625         5       640    0.5787    0.4074    0.3296    0.1354    0.0492   0.01486         0
   238/299    0.877G   0.02259  0.009627         0   0.03221         4       640    0.4968    0.4074    0.3344     0.148   0.05066   0.01491         0
   239/299    0.877G   0.02135  0.007388         0   0.02874         3       640    0.4968    0.4074    0.3344     0.148   0.05066   0.01491         0
   240/299    0.877G   0.02244  0.008867         0   0.03131         4       640    0.4745    0.4074    0.3394    0.1476   0.05131   0.01513         0
   241/299    0.877G   0.01732  0.006467         0   0.02378         0       640     0.456    0.4037    0.3223    0.1417   0.05244   0.01526         0
   242/299    0.877G   0.02201  0.009766         0   0.03177         2       640    0.3778    0.4444    0.3098     0.132   0.05289   0.01516         0
   243/299    0.877G   0.02216  0.008252         0   0.03041         3       640    0.3778    0.4444    0.3098     0.132   0.05289   0.01516         0
   244/299    0.877G   0.02676  0.009221         0   0.03598         2       640    0.3999    0.4443    0.3222    0.1379    0.0529   0.01526         0
   245/299    0.877G   0.02006  0.007456         0   0.02751         1       640    0.4339    0.4074    0.3141     0.143   0.05003   0.01555         0
   246/299    0.877G   0.01936  0.007613         0   0.02698         1       640    0.4339    0.4074    0.3141     0.143   0.05003   0.01555         0
   247/299    0.877G   0.02316  0.006951         0   0.03012         0       640    0.4747    0.4074    0.3148     0.136   0.04995   0.01546         0
   248/299    0.877G   0.02053   0.00813         0   0.02866         4       640    0.5593    0.3333    0.2999     0.134    0.0507   0.01526         0
   249/299    0.877G   0.02023  0.008584         0   0.02881         1       640    0.5593    0.3333    0.2999     0.134    0.0507   0.01526         0
   250/299    0.877G   0.02148   0.01023         0    0.0317         3       640    0.3765    0.4444    0.2977    0.1293   0.05015   0.01542         0
   251/299    0.877G   0.01947  0.008661         0   0.02813         1       640    0.6427    0.3331    0.3025    0.1346   0.05154   0.01541         0
   252/299    0.877G    0.0222   0.00852         0   0.03072         2       640    0.6427    0.3331    0.3025    0.1346   0.05154   0.01541         0
   253/299    0.877G   0.02086  0.008624         0   0.02949         1       640    0.6413    0.3333    0.3031     0.137   0.05193   0.01529         0
   254/299    0.877G   0.02013  0.006937         0   0.02707         1       640    0.6922    0.3332    0.3035    0.1241   0.05207    0.0151         0
   255/299    0.877G   0.01881  0.005991         0    0.0248         0       640    0.6922    0.3332    0.3035    0.1241   0.05207    0.0151         0
   256/299    0.877G   0.01913    0.0073         0   0.02643         1       640    0.6917    0.3333    0.3036    0.1278   0.05102   0.01509         0
   257/299    0.877G   0.02383  0.008578         0   0.03241         1       640    0.6923    0.3333    0.3027    0.1233   0.05112   0.01499         0
   258/299    0.877G   0.02429  0.007578         0   0.03187         3       640    0.6419    0.3333    0.3395     0.135   0.05017   0.01501         0
   259/299    0.877G    0.0203  0.008168         0   0.02847         1       640    0.6419    0.3333    0.3395     0.135   0.05017   0.01501         0
   260/299    0.877G   0.02382  0.008105         0   0.03193         4       640    0.4432    0.4423    0.3584    0.1457   0.04896    0.0152         0
   261/299    0.877G   0.01921  0.008457         0   0.02767         1       640    0.4994    0.4064    0.3668    0.1576   0.04837   0.01524         0
   262/299    0.877G   0.02215   0.00877         0   0.03092         2       640    0.4994    0.4064    0.3668    0.1576   0.04837   0.01524         0
   263/299    0.877G   0.03042   0.01188         0    0.0423         4       640    0.5758    0.4074    0.3763    0.1627    0.0479   0.01519         0
   264/299    0.877G   0.01954  0.008306         0   0.02785         3       640     0.497    0.4815    0.3734    0.1493   0.04851   0.01491         0
   265/299    0.877G   0.02044  0.007132         0   0.02757         2       640     0.497    0.4815    0.3734    0.1493   0.04851   0.01491         0
   266/299    0.877G   0.01856  0.007108         0   0.02567         2       640    0.6428    0.4074    0.3866    0.1556   0.04751   0.01486         0
   267/299    0.877G   0.02402  0.006748         0   0.03076         1       640    0.6276    0.4444    0.4173    0.1805   0.04661   0.01474         0
   268/299    0.877G   0.02058  0.008573         0   0.02915         1       640    0.6276    0.4444    0.4173    0.1805   0.04661   0.01474         0
   269/299    0.877G   0.02096  0.007222         0   0.02818         3       640    0.6186    0.4815     0.434    0.1902   0.04712   0.01475         0
   270/299    0.877G   0.02602  0.009854         0   0.03587         4       640    0.6346    0.5185    0.4466    0.1892   0.04779   0.01461         0
   271/299    0.877G   0.02177  0.008817         0   0.03059         3       640    0.6346    0.5185    0.4466    0.1892   0.04779   0.01461         0
   272/299    0.877G   0.01969  0.006827         0   0.02652         1       640    0.6354    0.5185    0.4507    0.1837   0.04855   0.01442         0
   273/299    0.877G   0.02112  0.008853         0   0.02997         2       640    0.6353    0.5185    0.4436    0.1887     0.048   0.01454         0
   274/299    0.877G   0.02203  0.009447         0   0.03148         3       640    0.6085    0.5185    0.4432     0.193   0.04748   0.01476         0
   275/299    0.877G   0.02108  0.009202         0   0.03028         4       640    0.6085    0.5185    0.4432     0.193   0.04748   0.01476         0
   276/299    0.877G   0.01769  0.007894         0   0.02558         2       640    0.6359    0.5185    0.4494    0.2038   0.04787   0.01471         0
   277/299    0.877G   0.02239  0.008113         0    0.0305         1       640    0.7221    0.4074    0.4223    0.2101     0.047    0.0149         0
   278/299    0.877G   0.02256   0.00756         0   0.03013         1       640    0.7221    0.4074    0.4223    0.2101     0.047    0.0149         0
   279/299    0.877G   0.02039  0.009392         0   0.02978         1       640    0.6651    0.4444    0.4296    0.2114   0.04661   0.01494         0
   280/299    0.877G   0.02073  0.007238         0   0.02796         1       640    0.6049    0.4815    0.4214    0.1998   0.04656   0.01511         0
   281/299    0.877G   0.02102  0.008693         0   0.02971         2       640    0.6049    0.4815    0.4214    0.1998   0.04656   0.01511         0
   282/299    0.877G   0.01969  0.007214         0    0.0269         1       640    0.5876    0.4815    0.4189    0.2063   0.04754   0.01499         0
   283/299    0.877G   0.01803  0.006925         0   0.02496         1       640    0.7333    0.4074    0.4111    0.1812     0.049   0.01505         0
   284/299    0.877G   0.02016  0.008844         0     0.029         0       640    0.7333    0.4074    0.4111    0.1812     0.049   0.01505         0
   285/299    0.877G   0.02247  0.008187         0   0.03066         2       640    0.5711    0.4444    0.4164    0.1882   0.04874   0.01509         0
   286/299    0.877G   0.01892  0.007384         0    0.0263         1       640    0.7688    0.3695    0.4041    0.1689   0.04865   0.01503         0
   287/299    0.877G   0.01972  0.009139         0   0.02886         3       640    0.7688    0.3695    0.4041    0.1689   0.04865   0.01503         0
   288/299    0.877G   0.01932  0.008793         0   0.02811         4       640     0.769    0.3698    0.3898    0.1568   0.04972    0.0151         0
   289/299    0.877G    0.0233   0.01036         0   0.03365         4       640    0.6657    0.3704      0.38    0.1539   0.05029   0.01498         0
   290/299    0.877G   0.02013  0.007387         0   0.02752         0       640    0.7686    0.3692    0.3807    0.1606    0.0508   0.01489         0
   291/299    0.877G   0.02143  0.008718         0   0.03015         2       640    0.7686    0.3692    0.3807    0.1606    0.0508   0.01489         0
   292/299    0.877G   0.02077  0.007109         0   0.02788         2       640    0.8254    0.3704    0.3897    0.1656    0.0514   0.01483         0
   293/299    0.877G   0.02101  0.008538         0   0.02954         4       640    0.7664    0.3704    0.3868    0.1652   0.05165   0.01474         0
   294/299    0.877G   0.01855  0.007154         0    0.0257         1       640    0.7664    0.3704    0.3868    0.1652   0.05165   0.01474         0
   295/299    0.877G    0.0204  0.009308         0   0.02971         2       640    0.6661    0.3704    0.3806    0.1468   0.05211    0.0147         0
   296/299    0.877G   0.01881  0.007844         0   0.02665         1       640     0.714    0.3699    0.3758    0.1346   0.05244    0.0147         0
   297/299    0.877G    0.0176  0.009462         0   0.02706         2       640     0.714    0.3699    0.3758    0.1346   0.05244    0.0147         0
   298/299    0.877G   0.01704  0.007034         0   0.02407         3       640    0.5394    0.4342    0.3755     0.146   0.05179   0.01482         0
   299/299    0.877G   0.02311  0.007493         0   0.03061         3       640    0.4991    0.4444    0.3556    0.1307   0.05353   0.01471         0
