     0/299     1.87G     0.104   0.02039         0    0.1244         4       640   0.00737   0.08438  0.003123 0.0005175   0.08182   0.01403         0
     1/299     3.11G   0.07478   0.01989         0   0.09468         5       640    0.2923    0.2969    0.2278   0.07161   0.05356   0.01372         0
     2/299     3.11G   0.05568   0.01897         0   0.07465         5       640    0.5979    0.3531    0.4381     0.158   0.04394   0.01207         0
     3/299     3.11G   0.05102    0.0168         0   0.06783         2       640    0.7679    0.5563    0.6973    0.2949   0.03873    0.0101         0
     4/299     3.11G   0.04703   0.01558         0   0.06262         8       640    0.7381    0.6562    0.7932    0.2831   0.03864  0.008073         0
     5/299     3.11G   0.04538    0.0126         0   0.05798         7       640    0.6788    0.6625    0.7674    0.3202   0.03939  0.007497         0
     6/299     3.11G   0.04449   0.01135         0   0.05584         4       640     0.643    0.8781    0.7986     0.313   0.03802  0.006212         0
     7/299     3.11G   0.04506   0.01062         0   0.05568         3       640    0.6643    0.8313    0.7178    0.2954    0.0376  0.006413         0
     8/299     3.11G   0.04454   0.01013         0   0.05467         6       640     0.729    0.8438    0.8098    0.3962   0.03537   0.00634         0
     9/299     3.11G   0.04041  0.009469         0   0.04988         6       640    0.8858     0.925    0.9394    0.4678   0.03277  0.005212         0
    10/299     3.11G   0.04119  0.009213         0    0.0504         6       640    0.9415    0.9094     0.951    0.4722   0.03382  0.005136         0
    11/299     3.11G    0.0408  0.008678         0   0.04948         3       640    0.9065    0.8812    0.9119    0.4042   0.03306  0.004825         0
    12/299     3.11G     0.042  0.008698         0    0.0507         8       640    0.8612    0.8406    0.8749     0.428   0.03611  0.005606         0
    13/299     3.11G   0.04144  0.008782         0   0.05022         5       640    0.9172    0.7312    0.8633    0.3783   0.03522  0.004948         0
    14/299     3.11G   0.03879  0.008132         0   0.04692         2       640    0.9086    0.8125    0.9032    0.4551   0.03544  0.005428         0
    15/299     3.11G   0.03867  0.008549         0   0.04722         4       640    0.9209     0.875    0.9118    0.4844   0.03204  0.005177         0
    16/299     3.11G   0.03765  0.008454         0    0.0461         6       640    0.8353    0.8561    0.9031    0.4883   0.03099  0.005125         0
    17/299     3.11G   0.03797  0.008367         0   0.04634         4       640    0.9099    0.8281    0.9047    0.4903   0.03149  0.004917         0
    18/299     3.11G   0.03724  0.007879         0   0.04512         5       640    0.9255    0.8938    0.9367    0.5019   0.03188  0.004767         0
    19/299     3.11G   0.03539  0.007865         0   0.04325         1       640    0.8617    0.8179    0.9046     0.486   0.03152  0.005015         0
    20/299     3.11G   0.03593  0.008246         0   0.04418         6       640    0.8393    0.7835    0.8188    0.4469   0.03122  0.005398         0
    21/299     3.11G   0.03426  0.007846         0    0.0421         4       640    0.8918    0.8562    0.9057    0.4756   0.03286  0.004802         0
    22/299     3.11G   0.03498  0.008021         0     0.043         5       640    0.9097    0.8497    0.9161    0.4615   0.03285  0.004861         0
    23/299     3.11G   0.03333  0.007861         0   0.04119         7       640     0.965    0.8622     0.959     0.531   0.02898  0.004432         0
    24/299     3.11G   0.03221  0.007508         0   0.03972         5       640    0.9094    0.9093     0.955    0.5354   0.02879  0.004242         0
    25/299     3.11G   0.03149  0.007673         0   0.03916         6       640    0.9472    0.8403    0.9439    0.5289   0.03028  0.004677         0
    26/299     3.11G   0.03164  0.007215         0   0.03885         6       640    0.9428    0.8749     0.951    0.5289   0.02906   0.00452         0
    27/299     3.11G   0.03176  0.007306         0   0.03906         3       640    0.9581    0.9281    0.9639    0.5059   0.03033  0.004365         0
    28/299     3.11G   0.03108  0.007478         0   0.03855         3       640    0.9478    0.9094    0.9473    0.5351   0.02932  0.004485         0
    29/299     3.11G   0.03113  0.007157         0   0.03828         5       640     0.964    0.9219    0.9575    0.5375   0.02961  0.004516         0
    30/299     3.11G   0.03023  0.007189         0   0.03742         3       640    0.9393    0.8719    0.9477    0.5235   0.02877  0.004433         0
    31/299     3.11G   0.02981  0.006884         0    0.0367         6       640    0.9302    0.9219    0.9592    0.5539   0.02763  0.004206         0
    32/299     3.11G   0.03006  0.006864         0   0.03693         3       640    0.9645    0.9341    0.9741    0.5843   0.02678  0.004088         0
    33/299     3.11G   0.02859  0.006796         0   0.03538         8       640    0.9182    0.9469    0.9687    0.5683   0.02617  0.004137         0
    34/299     3.11G   0.02877  0.006751         0   0.03552         8       640    0.9327    0.9094    0.9576    0.5618   0.02743   0.00434         0
    35/299     3.11G   0.02906  0.007076         0   0.03614         8       640     0.964    0.9218    0.9674    0.5723   0.02775  0.004274         0
    36/299     3.11G   0.02952  0.006766         0   0.03628         3       640    0.9752    0.8938    0.9659    0.5326   0.02803  0.004442         0
    37/299     3.11G   0.02897  0.006913         0   0.03588         5       640    0.9389    0.9123    0.9594    0.5484   0.02745  0.004614         0
    38/299     3.11G   0.02859  0.007008         0    0.0356         4       640    0.9608    0.9186    0.9775    0.5626   0.02614  0.004041         0
    39/299     3.11G   0.02851  0.006922         0   0.03543         7       640    0.9462    0.9344    0.9686    0.5528   0.02757  0.004224         0
    40/299     3.11G    0.0282  0.006814         0   0.03501         5       640    0.9341    0.9313    0.9677    0.5664   0.02719  0.004152         0
    41/299     3.11G   0.02704  0.006618         0   0.03366         9       640    0.9408    0.9437    0.9698    0.5657   0.02777  0.004265         0
    42/299     3.11G   0.02815  0.006779         0   0.03493         7       640     0.934    0.8843    0.9483    0.5441   0.02856  0.004311         0
    43/299     3.11G   0.02765  0.006679         0   0.03433         6       640    0.9737    0.9281    0.9666    0.5787   0.02728  0.004066         0
    44/299     3.11G   0.02781  0.006642         0   0.03445         2       640     0.967    0.9156    0.9607    0.5532   0.02784  0.004307         0
    45/299     3.11G   0.02742  0.006552         0   0.03397         5       640    0.9392    0.9187     0.963    0.5405   0.02847  0.004257         0
    46/299     3.11G    0.0274  0.006783         0   0.03418         5       640    0.9358    0.9125    0.9603    0.5581   0.02652  0.004303         0
    47/299     3.11G    0.0279  0.006478         0   0.03438         2       640    0.9335    0.9218    0.9672    0.5633   0.02736  0.004055         0
    48/299     3.11G   0.02651  0.006392         0    0.0329         6       640    0.9834    0.9375    0.9781    0.5782   0.02686  0.004077         0
    49/299     3.11G   0.02619  0.006331         0   0.03252         5       640    0.9613     0.931    0.9588    0.5653   0.02803  0.004251         0
    50/299     3.11G   0.02624  0.006409         0   0.03265         4       640    0.9802     0.928    0.9782    0.5827   0.02648  0.004024         0
    51/299     3.11G   0.02672  0.006062         0   0.03278         3       640    0.9791    0.8906    0.9701    0.5781   0.02705     0.004         0
    52/299     3.11G    0.0252  0.006341         0   0.03154         4       640    0.9525    0.9398    0.9798     0.575   0.02686  0.003958         0
    53/299     3.11G   0.02638  0.006097         0   0.03248         5       640     0.977     0.928    0.9712    0.5723   0.02718   0.00408         0
    54/299     3.11G    0.0252  0.006221         0   0.03142         5       640    0.9684    0.9561    0.9719    0.6117   0.02525  0.003908         0
    55/299     3.11G   0.02456  0.006096         0   0.03066         4       640    0.9643    0.9292    0.9738    0.6153   0.02511  0.003957         0
    56/299     3.11G   0.02576  0.006244         0     0.032         7       640    0.9672    0.9219    0.9626    0.6022    0.0259  0.004158         0
    57/299     3.11G   0.02509  0.006191         0   0.03128         7       640    0.9606    0.9187     0.962     0.595   0.02575  0.004002         0
    58/299     3.11G   0.02523   0.00637         0    0.0316         8       640    0.9679    0.9437    0.9718    0.6023   0.02517   0.00391         0
    59/299     3.11G   0.02487   0.00598         0   0.03085         3       640    0.9443    0.9563    0.9571    0.5924   0.02614  0.004111         0
    60/299     3.11G   0.02537  0.005944         0   0.03131         5       640    0.9792    0.8841    0.9568    0.5751   0.02658    0.0042         0
    61/299     3.11G   0.02505  0.006233         0   0.03129         4       640    0.9436    0.9405    0.9716    0.5862    0.0258   0.00395         0
    62/299     3.11G   0.02422  0.005838         0   0.03005         3       640    0.9495    0.9406    0.9727    0.6027   0.02517   0.00399         0
    63/299     3.11G   0.02448  0.005725         0    0.0302         4       640    0.9464    0.9374    0.9782    0.5868   0.02583  0.004095         0
    64/299     3.11G   0.02446  0.005961         0   0.03042         1       640    0.9781    0.8719     0.957    0.5707   0.02559  0.004211         0
    65/299     3.11G   0.02501  0.005774         0   0.03078         6       640    0.9866    0.9218    0.9707    0.5964   0.02477     0.004         0
    66/299     3.11G   0.02456  0.006103         0   0.03066         4       640    0.9829    0.9062    0.9742    0.5958   0.02619  0.003973         0
    67/299     3.11G   0.02336  0.005716         0   0.02908         3       640    0.9526    0.9469    0.9748    0.5814   0.02629  0.003941         0
    68/299     3.11G   0.02443  0.006111         0   0.03054         1       640    0.9706    0.9281    0.9688    0.5923   0.02609  0.004196         0
    69/299     3.11G   0.02468  0.006002         0   0.03069         6       640     0.986    0.8875     0.968    0.6048   0.02497  0.004037         0
    70/299     3.11G   0.02332  0.005934         0   0.02925         4       640    0.9644    0.9312    0.9648    0.6027   0.02471  0.004022         0
    71/299     3.11G    0.0241  0.005605         0    0.0297         4       640    0.9465    0.9406    0.9727     0.606   0.02504   0.00397         0
    72/299     3.11G   0.02289  0.005978         0   0.02886         4       640    0.9475    0.9031    0.9622    0.5958   0.02557  0.004051         0
    73/299     3.11G   0.02322  0.005974         0    0.0292         5       640     0.974    0.9374     0.968    0.6102    0.0253  0.003955         0
    74/299     3.11G   0.02374  0.005679         0   0.02941         5       640    0.9678    0.9406    0.9707    0.6073   0.02492  0.004001         0
    75/299     3.11G   0.02349   0.00585         0   0.02934         4       640    0.9741    0.9469     0.981    0.6088   0.02513  0.004071         0
    76/299     3.11G   0.02301  0.005643         0   0.02865         6       640    0.9443    0.9563    0.9757    0.6125   0.02517  0.003953         0
    77/299     3.11G    0.0227  0.005348         0   0.02805         2       640    0.9451    0.9156    0.9576    0.5735   0.02619  0.004333         0
    78/299     3.11G   0.02252    0.0056         0   0.02812        12       640    0.9553    0.9342    0.9696     0.595   0.02542  0.004015         0
    79/299     3.11G   0.02184  0.005721         0   0.02756         8       640    0.9587    0.9435    0.9655    0.5861   0.02553  0.004332         0
    80/299     3.11G   0.02285  0.005658         0   0.02851         5       640    0.9557    0.9436    0.9698    0.5912   0.02559   0.00421         0
    81/299     3.11G   0.02301  0.005652         0   0.02866         6       640    0.9587    0.9437    0.9753     0.605   0.02532  0.004007         0
    82/299     3.11G   0.02255  0.005537         0   0.02809         6       640    0.9427    0.9248    0.9676    0.5783   0.02582  0.004184         0
    83/299     3.11G   0.02235  0.005754         0   0.02811         4       640    0.9562    0.8938    0.9525    0.5904   0.02513  0.004112         0
    84/299     3.11G   0.02293  0.005785         0   0.02872         4       640    0.9703    0.9219     0.967    0.6126   0.02414  0.004224         0
    85/299     3.11G   0.02215  0.005952         0    0.0281         5       640    0.9732    0.9125    0.9733    0.6272   0.02425   0.00403         0
    86/299     3.11G   0.02197   0.00541         0   0.02738         3       640    0.9615    0.9374     0.962    0.6081   0.02456  0.004083         0
    87/299     3.11G   0.02123  0.005656         0   0.02688         5       640    0.9404    0.9375    0.9667    0.6101   0.02419  0.004127         0
    88/299     3.11G   0.02184  0.005357         0    0.0272         3       640     0.953      0.95    0.9664    0.6149   0.02492  0.004211         0
    89/299     3.11G   0.02194  0.005354         0    0.0273         3       640    0.9579     0.925    0.9651    0.5909   0.02576  0.004137         0
    90/299     3.11G   0.02226  0.005761         0   0.02802         6       640    0.9553    0.9375    0.9626    0.6036   0.02464  0.004177         0
    91/299     3.11G   0.02192  0.005477         0   0.02739         1       640    0.9602    0.9062    0.9665    0.6083   0.02422  0.004066         0
    92/299     3.11G   0.02153  0.005579         0   0.02711         4       640    0.9773    0.9406    0.9606    0.6183   0.02471  0.004036         0
    93/299     3.11G   0.02304  0.005627         0   0.02866         7       640    0.9675    0.9313     0.971     0.627   0.02399  0.004042         0
    94/299     3.11G   0.02141  0.005643         0   0.02706        12       640    0.9867    0.9313    0.9668    0.6093   0.02449  0.004171         0
    95/299     3.11G    0.0219  0.005446         0   0.02735         4       640    0.9597       0.9    0.9599    0.6078   0.02498  0.004266         0
    96/299     3.11G    0.0223  0.005168         0   0.02747         8       640    0.9866    0.9186    0.9745    0.6172   0.02435  0.004059         0
    97/299     3.11G   0.02125   0.00541         0   0.02666         2       640    0.9764    0.9156    0.9573    0.6021   0.02525  0.004273         0
    98/299     3.11G   0.02082  0.005424         0   0.02625         5       640    0.9829    0.8969    0.9685     0.632   0.02364  0.004051         0
    99/299     3.11G   0.02157  0.005469         0   0.02704         4       640    0.9415    0.9562    0.9712    0.5971   0.02481  0.004202         0
   100/299     3.11G   0.02071  0.005187         0   0.02589         4       640    0.9739    0.9343     0.971    0.6105   0.02401  0.004189         0
   101/299     3.11G   0.02062  0.005374         0     0.026         7       640    0.9837    0.9435    0.9717     0.614   0.02438  0.004017         0
   102/299     3.11G   0.02091  0.005446         0   0.02636         5       640    0.9673    0.9313    0.9716    0.6233   0.02375  0.003973         0
   103/299     3.11G   0.02012  0.004984         0    0.0251         4       640    0.9867     0.925    0.9683    0.6179   0.02412  0.004068         0
   104/299     3.11G   0.02094  0.005476         0   0.02642         4       640    0.9608    0.9219    0.9628     0.607   0.02466   0.00427         0
   105/299     3.11G   0.02063  0.005315         0   0.02595         5       640    0.9836    0.9374    0.9743    0.6182   0.02497  0.004216         0
   106/299     3.11G   0.02163  0.005184         0   0.02681         7       640    0.9399     0.928    0.9479    0.6096   0.02434  0.004245         0
   107/299     3.11G   0.01981  0.004872         0   0.02468         3       640    0.9644    0.9313    0.9727    0.6312   0.02332  0.003889         0
   108/299     3.11G     0.021  0.004957         0   0.02596         4       640    0.9697    0.8999    0.9633    0.6179   0.02438   0.00419         0
   109/299     3.11G   0.01998  0.005046         0   0.02502         5       640    0.9678    0.9405    0.9717    0.6284   0.02376  0.004057         0
   110/299     3.11G   0.02002  0.005075         0   0.02509         6       640    0.9712    0.9469    0.9785    0.6301   0.02334  0.004026         0
   111/299     3.11G   0.02056  0.005096         0   0.02565         3       640    0.9898    0.9156    0.9758    0.6294   0.02326  0.003913         0
   112/299     3.11G   0.02009  0.005119         0   0.02521         5       640    0.9772    0.9375    0.9709    0.6194   0.02345  0.004045         0
   113/299     3.11G   0.01914  0.005163         0    0.0243         2       640    0.9618    0.9437     0.973     0.624   0.02373  0.004076         0
   114/299     3.11G   0.02022  0.004878         0    0.0251         3       640    0.9651    0.9499    0.9708    0.6238   0.02355  0.004233         0
   115/299     3.11G   0.02005  0.005207         0   0.02526         4       640    0.9735    0.9219    0.9686    0.6188   0.02314  0.004216         0
   116/299     3.11G   0.02011  0.005078         0   0.02519         3       640    0.9742    0.9437    0.9728    0.6147   0.02417   0.00406         0
   117/299     3.11G   0.01989  0.004909         0    0.0248         7       640    0.9806    0.9469    0.9724    0.6336   0.02316  0.004013         0
   118/299     3.11G   0.01959  0.004935         0   0.02453         5       640    0.9619    0.9469     0.974     0.623   0.02416  0.004217         0
   119/299     3.11G   0.01993  0.005224         0   0.02515         8       640    0.9743      0.95    0.9742    0.6315    0.0236  0.004043         0
   120/299     3.11G   0.01894  0.004965         0    0.0239         7       640    0.9684    0.9594    0.9797    0.6336   0.02324  0.003926         0
   121/299     3.11G   0.01885  0.004718         0   0.02356         4       640    0.9709    0.9437    0.9777    0.6465   0.02335  0.003995         0
   122/299     3.11G   0.01917  0.004968         0   0.02414         7       640    0.9773    0.9406    0.9742    0.6356   0.02313  0.004046         0
   123/299     3.11G   0.01887   0.00499         0   0.02386         4       640    0.9713    0.9531    0.9712    0.6368   0.02299  0.004051         0
   124/299     3.11G   0.01925   0.00489         0   0.02414         5       640    0.9706    0.9344     0.964     0.631   0.02338  0.004049         0
   125/299     3.11G   0.01882  0.004963         0   0.02378         4       640    0.9683     0.953    0.9874    0.6519    0.0226  0.003817         0
   126/299     3.11G   0.01923   0.00479         0   0.02402         4       640     0.962      0.95    0.9694    0.6419   0.02305   0.00399         0
   127/299     3.11G   0.01838  0.004888         0   0.02327         3       640    0.9736    0.9216    0.9691    0.6263   0.02355  0.004212         0
   128/299     3.11G   0.01906  0.004936         0   0.02399         6       640    0.9611    0.9281    0.9626    0.6068   0.02385  0.004249         0
   129/299     3.11G   0.01868  0.004536         0   0.02322         4       640    0.9802    0.9281    0.9701    0.6298    0.0234  0.004043         0
   130/299     3.11G   0.01862  0.004875         0   0.02349         5       640    0.9621    0.9594    0.9779    0.6259   0.02341  0.004046         0
   131/299     3.11G   0.01887  0.005136         0   0.02401         5       640    0.9558    0.9468    0.9822    0.6369   0.02284  0.003818         0
   132/299     3.11G   0.01844  0.004908         0   0.02335         2       640    0.9642     0.925    0.9674    0.6385   0.02274  0.004096         0
   133/299     3.11G    0.0185  0.004639         0   0.02314         4       640    0.9704    0.9217    0.9722    0.6208   0.02361  0.004146         0
   134/299     3.11G   0.01854  0.004749         0   0.02328         6       640     0.977    0.9312    0.9727     0.628   0.02348  0.004075         0
   135/299     3.11G   0.01859  0.005031         0   0.02362         7       640    0.9773    0.9406     0.979    0.6373   0.02338  0.003861         0
   136/299     3.11G   0.01847  0.004808         0   0.02327         2       640    0.9682      0.95    0.9768    0.6514    0.0222  0.004134         0
   137/299     3.11G   0.01817  0.004638         0   0.02281         7       640    0.9502     0.953    0.9713    0.6378   0.02276  0.004067         0
   138/299     3.11G   0.01841  0.004717         0   0.02313         2       640    0.9529      0.95    0.9716    0.6231   0.02378  0.004285         0
   139/299     3.11G   0.01852  0.004637         0   0.02315         7       640    0.9646    0.9437    0.9707    0.6406   0.02301  0.004175         0
   140/299     3.11G   0.01848  0.004925         0    0.0234         7       640    0.9838    0.9468    0.9804    0.6402   0.02355  0.003955         0
   141/299     3.11G   0.01824  0.004588         0   0.02283         8       640    0.9773    0.9435    0.9747    0.6477   0.02336  0.004038         0
   142/299     3.11G   0.01786  0.004879         0   0.02274         6       640     0.971    0.9405    0.9735    0.6378   0.02295  0.004095         0
   143/299     3.11G   0.01816  0.004527         0   0.02269         6       640      0.95    0.9499      0.97    0.6351   0.02296  0.004113         0
   144/299     3.11G   0.01778   0.00449         0   0.02227         6       640    0.9899    0.9187    0.9702    0.6318   0.02368  0.004091         0
   145/299     3.11G   0.01767  0.004505         0   0.02217         4       640    0.9838    0.9563    0.9742    0.6377   0.02321  0.003981         0
   146/299     3.11G   0.01796   0.00498         0   0.02294         4       640    0.9836    0.9343    0.9718    0.6419   0.02311  0.004021         0
   147/299     3.11G   0.01832  0.004775         0   0.02309         7       640    0.9833    0.9187    0.9716    0.6247   0.02318  0.004179         0
   148/299     3.11G   0.01813  0.004533         0   0.02266         2       640    0.9769    0.9344    0.9746    0.6394   0.02316  0.004151         0
   149/299     3.11G   0.01827  0.004638         0   0.02291         5       640     0.974    0.9373    0.9764    0.6316   0.02313  0.004081         0
   150/299     3.11G   0.01734  0.004711         0   0.02205         7       640    0.9682    0.9529    0.9748    0.6512   0.02278  0.004223         0
   151/299     3.11G   0.01731   0.00438         0   0.02169         4       640    0.9806    0.9469    0.9806    0.6487   0.02255  0.003987         0
   152/299     3.11G   0.01746  0.004609         0   0.02207         2       640    0.9675    0.9344    0.9828     0.654   0.02253  0.004134         0
   153/299     3.11G   0.01724  0.004623         0   0.02186         9       640    0.9584    0.9406    0.9749     0.641    0.0227  0.003985         0
   154/299     3.11G   0.01734  0.004399         0   0.02173         3       640    0.9801    0.9218      0.97    0.6422   0.02314  0.004209         0
   155/299     3.11G   0.01723  0.004488         0   0.02172         2       640    0.9621    0.9529    0.9784    0.6455    0.0224  0.004144         0
   156/299     3.11G   0.01679   0.00463         0   0.02142         5       640    0.9682    0.9531     0.978    0.6387   0.02273  0.004249         0
   157/299     3.11G    0.0172  0.004623         0   0.02182         6       640    0.9769     0.925    0.9728    0.6472   0.02266  0.004278         0
   158/299     3.11G   0.01678   0.00472         0   0.02151         6       640    0.9708    0.9375      0.97    0.6445   0.02279  0.004243         0
   159/299     3.11G   0.01706   0.00446         0   0.02152         6       640    0.9613    0.9344    0.9723    0.6443   0.02243   0.00413         0
   160/299     3.11G   0.01732  0.004144         0   0.02146         1       640    0.9828    0.9125    0.9769    0.6484   0.02297  0.004126         0
   161/299     3.11G   0.01669  0.004326         0   0.02101         3       640    0.9805    0.9469    0.9804    0.6464   0.02302  0.004038         0
   162/299     3.11G   0.01646  0.004568         0   0.02103         5       640    0.9902    0.9468    0.9793    0.6577   0.02274  0.004046         0
   163/299     3.11G   0.01704  0.004224         0   0.02126         9       640    0.9772    0.9375     0.975     0.641   0.02298  0.004278         0
   164/299     3.11G   0.01598  0.004318         0    0.0203         3       640    0.9801    0.9344    0.9747    0.6411   0.02294  0.004107         0
   165/299     3.11G   0.01719  0.004479         0   0.02167         9       640    0.9867    0.9281    0.9696    0.6279   0.02364  0.004311         0
   166/299     3.11G   0.01675  0.004347         0    0.0211         3       640    0.9836    0.9469    0.9716    0.6422   0.02332  0.004072         0
   167/299     3.11G   0.01661  0.004202         0   0.02082         3       640    0.9839    0.9594     0.976    0.6421   0.02331  0.004191         0
   168/299     3.11G   0.01617  0.004302         0   0.02047         3       640    0.9808    0.9593    0.9763    0.6413   0.02288  0.004237         0
   169/299     3.11G   0.01587  0.004195         0   0.02006         4       640    0.9806    0.9468    0.9761    0.6494    0.0225  0.004228         0
   170/299     3.11G   0.01634   0.00417         0   0.02051         8       640    0.9775      0.95    0.9758    0.6479   0.02266  0.004183         0
   171/299     3.11G   0.01595  0.004461         0   0.02041         3       640    0.9773    0.9406    0.9711     0.637   0.02304  0.004241         0
   172/299     3.11G   0.01649  0.004385         0   0.02087         5       640    0.9868    0.9375    0.9742    0.6551   0.02283  0.004135         0
   173/299     3.11G   0.01568  0.004458         0   0.02014         6       640    0.9869    0.9437    0.9775    0.6511   0.02248  0.003959         0
   174/299     3.11G   0.01628  0.004297         0   0.02058         5       640    0.9902    0.9531    0.9777    0.6566   0.02206   0.00393         0
   175/299     3.11G   0.01663  0.004108         0   0.02074         2       640    0.9683    0.9563     0.978    0.6559   0.02211  0.003944         0
   176/299     3.11G   0.01595  0.004497         0   0.02044         7       640    0.9805    0.9437    0.9718    0.6598   0.02162  0.004181         0
   177/299     3.11G   0.01635  0.004145         0   0.02049         6       640    0.9773    0.9469    0.9654     0.658   0.02182  0.004007         0
   178/299     3.11G   0.01593  0.004259         0   0.02019         5       640    0.9902    0.9469    0.9731    0.6537   0.02193  0.004012         0
   179/299     3.11G   0.01657  0.004477         0   0.02105         5       640    0.9935      0.95    0.9794    0.6582   0.02187  0.003944         0
   180/299     3.11G   0.01623  0.004049         0   0.02028         2       640    0.9682    0.9531    0.9787    0.6595   0.02181  0.004095         0
   181/299     3.11G   0.01656  0.004465         0   0.02102         5       640    0.9558    0.9469    0.9754    0.6407   0.02254  0.004256         0
   182/299     3.11G   0.01577  0.004194         0   0.01996         6       640    0.9684    0.9594    0.9814    0.6525   0.02182   0.00411         0
   183/299     3.11G   0.01586  0.004355         0   0.02021         5       640    0.9746    0.9593    0.9786    0.6464   0.02201   0.00405         0
   184/299     3.11G    0.0153  0.004108         0   0.01941         7       640    0.9774    0.9468    0.9748    0.6561   0.02189  0.004007         0
   185/299     3.11G   0.01574  0.004282         0   0.02002         4       640    0.9933    0.9344    0.9758    0.6488   0.02211  0.004243         0
   186/299     3.11G   0.01549  0.004289         0   0.01978         5       640    0.9867    0.9243    0.9716    0.6502   0.02192  0.004254         0
   187/299     3.11G   0.01556  0.003979         0   0.01954         1       640    0.9806      0.95    0.9753    0.6455   0.02245  0.004239         0
   188/299     3.11G   0.01533  0.004251         0   0.01958         5       640    0.9901    0.9344    0.9776    0.6576   0.02189   0.00404         0
   189/299     3.11G   0.01565  0.004011         0   0.01966         4       640    0.9683    0.9563    0.9753    0.6467    0.0216  0.004105         0
   190/299     3.11G   0.01579  0.004244         0   0.02004         5       640    0.9804    0.9406    0.9806    0.6497   0.02171  0.004177         0
   191/299     3.11G   0.01575   0.00425         0      0.02         5       640    0.9711    0.9437    0.9811     0.649   0.02201  0.003995         0
   192/299     3.11G   0.01565  0.004244         0   0.01989         8       640    0.9766    0.9281    0.9707    0.6402   0.02266  0.004271         0
   193/299     3.11G   0.01542  0.003905         0   0.01932         5       640    0.9835    0.9406    0.9743    0.6553   0.02177  0.004234         0
   194/299     3.11G   0.01576  0.004299         0   0.02006         9       640    0.9715    0.9594    0.9794    0.6562   0.02171  0.004042         0
   195/299     3.11G   0.01511  0.004207         0   0.01932         5       640         1     0.925     0.977     0.653   0.02234  0.004174         0
   196/299     3.11G   0.01481  0.004024         0   0.01883         6       640    0.9832    0.9437     0.974    0.6533   0.02227  0.004209         0
   197/299     3.11G   0.01468  0.003893         0   0.01858         5       640    0.9837    0.9437    0.9729    0.6532   0.02179  0.004345         0
   198/299     3.11G   0.01473   0.00428         0   0.01901         5       640    0.9871     0.953    0.9794    0.6606   0.02132    0.0041         0
   199/299     3.11G   0.01464  0.003983         0   0.01862         5       640    0.9806      0.95     0.975    0.6586   0.02199  0.004183         0
   200/299     3.11G   0.01508  0.004176         0   0.01925         6       640    0.9744      0.95     0.976    0.6546   0.02216  0.004262         0
   201/299     3.11G   0.01464  0.003838         0   0.01848         6       640    0.9839    0.9563    0.9758    0.6657   0.02151  0.004107         0
   202/299     3.11G   0.01479  0.003942         0   0.01873         8       640         1    0.9406    0.9813    0.6631   0.02157  0.004046         0
   203/299     3.11G   0.01458  0.003832         0   0.01841         6       640    0.9745    0.9562    0.9802     0.665   0.02143  0.004107         0
   204/299     3.11G   0.01461  0.004163         0   0.01877         6       640    0.9775      0.95    0.9776    0.6603   0.02206  0.004255         0
   205/299     3.11G   0.01416  0.003908         0   0.01807         8       640    0.9807    0.9563     0.977    0.6544   0.02189  0.004203         0
   206/299     3.11G   0.01455  0.004006         0   0.01856         7       640    0.9901    0.9469    0.9769    0.6449   0.02227  0.004358         0
   207/299     3.11G   0.01496   0.00383         0   0.01879         4       640    0.9805    0.9437     0.978    0.6639   0.02192  0.004284         0
   208/299     3.11G   0.01478  0.004018         0    0.0188         4       640    0.9836    0.9406    0.9715    0.6523   0.02219  0.004462         0
   209/299     3.11G   0.01462  0.003974         0    0.0186         4       640    0.9804    0.9406    0.9756    0.6563   0.02209  0.004367         0
   210/299     3.11G    0.0146  0.003914         0   0.01851         5       640    0.9743      0.95    0.9739    0.6581    0.0221  0.004329         0
   211/299     3.11G    0.0146  0.003991         0   0.01859         2       640    0.9564    0.9594    0.9724    0.6559   0.02207  0.004405         0
   212/299     3.11G   0.01419  0.003887         0   0.01808         5       640    0.9679    0.9437    0.9733    0.6625   0.02211  0.004379         0
   213/299     3.11G   0.01403  0.003872         0   0.01791         3       640    0.9771    0.9344    0.9703    0.6556   0.02216  0.004316         0
   214/299     3.11G   0.01387  0.003855         0   0.01772         5       640     0.965    0.9563    0.9724    0.6669   0.02173  0.004222         0
   215/299     3.11G   0.01394  0.003771         0   0.01771         8       640    0.9742    0.9437    0.9726    0.6641   0.02193   0.00428         0
   216/299     3.11G   0.01436  0.003772         0   0.01813         4       640    0.9711    0.9469     0.978    0.6487   0.02241  0.004352         0
   217/299     3.11G   0.01355  0.003836         0   0.01739         3       640    0.9621    0.9531    0.9778    0.6635   0.02234  0.004293         0
   218/299     3.11G   0.01388  0.003687         0   0.01757         5       640    0.9479    0.9656    0.9737    0.6641   0.02222  0.004261         0
   219/299     3.11G   0.01416  0.003932         0   0.01809         6       640    0.9741    0.9403    0.9734    0.6526   0.02215  0.004422         0
   220/299     3.11G   0.01408  0.003983         0   0.01807         4       640    0.9711    0.9437    0.9745    0.6453   0.02238  0.004575         0
   221/299     3.11G   0.01358  0.003651         0   0.01723         3       640     0.965    0.9469    0.9748    0.6554   0.02235  0.004375         0
   222/299     3.11G     0.014  0.004034         0   0.01803         7       640    0.9806    0.9468    0.9725    0.6566   0.02232  0.004302         0
   223/299     3.11G   0.01374  0.003645         0   0.01738         3       640    0.9805    0.9437    0.9752    0.6599    0.0221  0.004158         0
   224/299     3.11G   0.01397   0.00405         0   0.01802         6       640    0.9868    0.9312      0.97    0.6674   0.02187  0.004178         0
   225/299     3.11G   0.01421  0.003956         0   0.01816         7       640    0.9743      0.95    0.9687    0.6632   0.02171  0.004293         0
   226/299     3.11G   0.01378  0.003615         0    0.0174         4       640    0.9771    0.9344     0.969    0.6588   0.02203  0.004444         0
   227/299     3.11G   0.01332  0.003702         0   0.01702         1       640    0.9671    0.9219    0.9604    0.6549   0.02237  0.004658         0
   228/299     3.11G   0.01381  0.003875         0   0.01769         8       640    0.9682    0.9499    0.9714    0.6651   0.02164  0.004329         0
   229/299     3.11G   0.01373  0.003893         0   0.01763         7       640    0.9868    0.9312    0.9712    0.6607   0.02193  0.004327         0
   230/299     3.11G   0.01319  0.003454         0   0.01664         2       640    0.9868    0.9343    0.9717    0.6611   0.02195  0.004473         0
   231/299     3.11G   0.01341  0.003659         0   0.01707         5       640    0.9869    0.9437    0.9729     0.665   0.02175  0.004436         0
   232/299     3.11G   0.01364  0.003719         0   0.01735         4       640    0.9652    0.9563    0.9725    0.6626   0.02175  0.004361         0
   233/299     3.11G   0.01331  0.003691         0     0.017         6       640    0.9624    0.9594    0.9699     0.662   0.02169  0.004287         0
   234/299     3.11G   0.01289  0.003729         0   0.01662         5       640    0.9683    0.9531     0.967    0.6574   0.02186  0.004325         0
   235/299     3.11G   0.01334  0.003916         0   0.01725        10       640    0.9746    0.9594    0.9725     0.655   0.02176  0.004258         0
   236/299     3.11G   0.01333  0.003881         0   0.01721         7       640    0.9715    0.9593    0.9736    0.6565   0.02192  0.004262         0
   237/299     3.11G   0.01277  0.003627         0    0.0164         4       640    0.9966    0.9375    0.9723    0.6545   0.02182  0.004232         0
   238/299     3.11G   0.01331  0.003572         0   0.01688         7       640    0.9807    0.9531    0.9722    0.6598   0.02173  0.004241         0
   239/299     3.11G   0.01305  0.003497         0   0.01654         8       640    0.9776    0.9563    0.9763    0.6674   0.02177  0.004177         0
   240/299     3.11G   0.01281  0.003678         0   0.01649         3       640    0.9838      0.95    0.9745    0.6678    0.0217  0.004056         0
   241/299     3.11G   0.01334  0.003563         0   0.01691         5       640    0.9567    0.9656    0.9742    0.6676   0.02174  0.004111         0
   242/299     3.11G   0.01319  0.003647         0   0.01684         3       640      0.99    0.9311    0.9726    0.6711   0.02179  0.004153         0
   243/299     3.11G   0.01314  0.003596         0   0.01674         4       640    0.9625    0.9625    0.9727    0.6668   0.02186  0.004143         0
   244/299     3.11G   0.01284  0.003467         0   0.01631         4       640    0.9649      0.95    0.9723    0.6555   0.02224   0.00426         0
   245/299     3.11G   0.01208  0.003865         0   0.01595         9       640    0.9744    0.9531    0.9734    0.6551   0.02173   0.00419         0
   246/299     3.11G   0.01291  0.003504         0   0.01641         4       640    0.9869    0.9406    0.9728    0.6658    0.0216  0.004095         0
   247/299     3.11G    0.0129  0.003846         0   0.01674         9       640    0.9902    0.9468    0.9717     0.674    0.0215  0.004037         0
   248/299     3.11G   0.01274  0.003658         0    0.0164         3       640    0.9776    0.9594    0.9718    0.6728   0.02138  0.004135         0
   249/299     3.11G   0.01275  0.003483         0   0.01624         4       640    0.9774    0.9531    0.9705    0.6709    0.0216  0.004173         0
   250/299     3.11G   0.01306   0.00362         0   0.01668         3       640    0.9716    0.9623    0.9705    0.6647   0.02152  0.004198         0
   251/299     3.11G   0.01256  0.003473         0   0.01603         3       640    0.9536    0.9624    0.9701    0.6614   0.02158  0.004238         0
   252/299     3.11G   0.01284  0.003859         0    0.0167         9       640    0.9712    0.9531    0.9752    0.6608   0.02165  0.004282         0
   253/299     3.11G   0.01261  0.003452         0   0.01606         5       640    0.9711    0.9437    0.9737    0.6652   0.02165  0.004221         0
   254/299     3.11G   0.01277   0.00358         0   0.01635         4       640    0.9836    0.9375    0.9775    0.6628   0.02191   0.00422         0
   255/299     3.11G   0.01251  0.003591         0    0.0161         3       640    0.9807    0.9563    0.9805    0.6669   0.02193  0.004136         0
   256/299     3.11G   0.01283  0.003661         0   0.01649         4       640    0.9902      0.95    0.9759    0.6622   0.02195  0.004179         0
   257/299     3.11G   0.01311  0.003572         0   0.01669         8       640    0.9686    0.9654    0.9753    0.6673   0.02154   0.00419         0
   258/299     3.11G   0.01236  0.003479         0   0.01583         5       640    0.9777    0.9593     0.973    0.6694   0.02156  0.004172         0
   259/299     3.11G   0.01295  0.003371         0   0.01632         6       640    0.9933    0.9313    0.9707    0.6667   0.02201  0.004207         0
   260/299     3.11G   0.01272  0.003659         0   0.01638         4       640    0.9742    0.9531    0.9752    0.6718   0.02182  0.004146         0
   261/299     3.11G    0.0122  0.003625         0   0.01583         5       640    0.9745    0.9562    0.9757    0.6645   0.02164  0.004248         0
   262/299     3.11G   0.01237  0.003653         0   0.01602         4       640    0.9747    0.9625    0.9761    0.6599   0.02171  0.004257         0
   263/299     3.11G   0.01242  0.003516         0   0.01594         6       640    0.9716    0.9624    0.9747    0.6608    0.0217  0.004206         0
   264/299     3.11G   0.01217  0.003486         0   0.01566         5       640    0.9776    0.9562    0.9769    0.6627    0.0216  0.004248         0
   265/299     3.11G   0.01164  0.003247         0   0.01489         3       640    0.9871    0.9563    0.9735    0.6688   0.02151  0.004251         0
   266/299     3.11G   0.01221   0.00351         0   0.01572         3       640    0.9714    0.9562    0.9726    0.6637   0.02152  0.004339         0
   267/299     3.11G   0.01243  0.003634         0   0.01606         7       640    0.9776     0.953    0.9712    0.6628   0.02165  0.004287         0
   268/299     3.11G    0.0118  0.003407         0   0.01521         8       640    0.9806    0.9469    0.9718    0.6646   0.02173  0.004317         0
   269/299     3.11G   0.01221  0.003552         0   0.01576         4       640    0.9838    0.9469    0.9742    0.6713   0.02143  0.004224         0
   270/299     3.11G    0.0124  0.003459         0   0.01586         6       640    0.9934    0.9406    0.9768    0.6648    0.0215  0.004302         0
   271/299     3.11G   0.01236  0.003581         0   0.01594         4       640    0.9871    0.9593    0.9768    0.6706   0.02128  0.004335         0
   272/299     3.11G   0.01267  0.003542         0   0.01621         1       640    0.9902    0.9498    0.9757    0.6712   0.02145  0.004304         0
   273/299     3.11G   0.01256  0.003372         0   0.01593         5       640    0.9774    0.9469    0.9745     0.669   0.02142  0.004294         0
   274/299     3.11G   0.01271  0.003444         0   0.01616         5       640    0.9709    0.9531    0.9743    0.6607    0.0216  0.004305         0
   275/299     3.11G   0.01217  0.003601         0   0.01577         4       640    0.9836    0.9437    0.9749    0.6624   0.02164  0.004272         0
   276/299     3.11G   0.01187   0.00337         0   0.01524         2       640    0.9838      0.95    0.9783    0.6655   0.02162  0.004241         0
   277/299     3.11G   0.01216  0.003384         0   0.01554         4       640    0.9776    0.9557    0.9761    0.6638   0.02156  0.004167         0
   278/299     3.11G   0.01238  0.003484         0   0.01586         5       640    0.9837    0.9437    0.9782    0.6645   0.02172   0.00414         0
   279/299     3.11G   0.01233  0.003464         0    0.0158         2       640    0.9742    0.9469     0.978    0.6617   0.02171  0.004199         0
   280/299     3.11G   0.01229  0.003438         0   0.01573         9       640    0.9712    0.9498     0.976    0.6693   0.02156  0.004177         0
   281/299     3.11G   0.01215  0.003526         0   0.01568         6       640    0.9677    0.9374    0.9682    0.6717   0.02148  0.004246         0
   282/299     3.11G   0.01202  0.003276         0   0.01529         3       640    0.9868    0.9344    0.9715    0.6697   0.02141  0.004269         0
   283/299     3.11G   0.01147  0.003401         0   0.01487         6       640    0.9712    0.9468    0.9711    0.6633   0.02166  0.004395         0
   284/299     3.11G   0.01189  0.003434         0   0.01533         3       640    0.9678    0.9406    0.9751    0.6603   0.02162  0.004386         0
   285/299     3.11G   0.01192  0.003484         0    0.0154         5       640    0.9653    0.9562    0.9714    0.6656    0.0215  0.004191         0
   286/299     3.11G   0.01235  0.003344         0    0.0157         4       640    0.9508    0.9655    0.9704    0.6639   0.02169   0.00426         0
   287/299     3.11G   0.01189  0.003389         0   0.01528         6       640    0.9682     0.953    0.9714    0.6599   0.02185  0.004443         0
   288/299     3.11G   0.01193  0.003495         0   0.01542         6       640    0.9714    0.9562    0.9754    0.6648    0.0216  0.004427         0
   289/299     3.11G   0.01213  0.003473         0    0.0156         9       640    0.9805    0.9406    0.9753    0.6631    0.0214  0.004425         0
   290/299     3.11G   0.01179  0.003333         0   0.01513         7       640    0.9742    0.9469    0.9707    0.6632   0.02123  0.004363         0
   291/299     3.11G   0.01192  0.003324         0   0.01524         5       640    0.9742    0.9437    0.9734    0.6668   0.02143  0.004318         0
   292/299     3.11G   0.01184  0.003313         0   0.01515         5       640    0.9806    0.9499    0.9741    0.6647   0.02142  0.004306         0
   293/299     3.11G   0.01149  0.003436         0   0.01493         7       640    0.9838    0.9468    0.9772    0.6629   0.02132  0.004322         0
   294/299     3.11G   0.01166   0.00334         0     0.015         6       640    0.9743    0.9468    0.9761    0.6579   0.02142  0.004368         0
   295/299     3.11G   0.01174  0.003544         0   0.01529         7       640    0.9837    0.9437    0.9777    0.6649   0.02124  0.004303         0
   296/299     3.11G    0.0116  0.003259         0   0.01486         4       640    0.9867    0.9281    0.9726    0.6683   0.02118  0.004332         0
   297/299     3.11G   0.01176  0.003498         0   0.01526         9       640    0.9564     0.959    0.9698     0.671   0.02124  0.004388         0
   298/299     3.11G   0.01168  0.003206         0   0.01488         2       640    0.9932    0.9187    0.9667    0.6643   0.02146  0.004396         0
   299/299     3.11G   0.01192  0.003342         0   0.01526         5       640    0.9898    0.9187    0.9679    0.6674   0.02136  0.004295         0
